1024 1024
8
512
64 406 115 482
843 898 841 1023
143 462 176 505
228 308 229 379
616 809 620 811
76 47 83 66
115 385 118 507
64 447 107 484
884 883 885 890
339 541 337 637
856 956 852 1023
907 684 906 766
1016 424 1014 509
781 35 778 127
884 426 885 510
929 769 931 894
77 719 99 726
553 438 562 473
901 107 1003 110
1004 322 1012 343
745 793 751 852
653 616 701 618
758 683 757 767
748 771 745 892
173 334 239 371
555 521 624 560
740 808 737 891
352 731 348 763
557 411 561 511
105 598 118 635
618 159 619 252
591 6 590 124
939 988 1004 995
884 848 884 892
940 442 1003 475
456 618 505 631
223 348 219 382
1004 301 1001 383
370 519 372 638
251 45 251 78
630 793 634 894
927 802 933 830
234 534 238 635
251 28 254 126
157 968 161 1019
618 323 631 368
752 580 749 635
867 273 871 383
534 293 546 313
315 820 344 860
753 209 757 243
841 226 870 227
692 683 695 765
983 720 982 766
565 542 561 637
352 710 376 730
1000 963 1015 1007
843 698 840 767
440 129 443 254
192 513 193 636
157 690 231 754
541 6 545 126
870 244 883 248
51 178 58 247
305 544 362 601
83 708 90 723
467 137 470 252
840 3 837 127
326 912 329 1022
440 669 452 750
158 337 232 373
472 49 474 125
136 479 185 483
886 975 890 1020
1011 69 1007 126
843 849 880 859
528 709 589 713
447 1 443 127
720 961 753 1005
845 804 843 893
887 24 886 125
881 187 882 253
937 180 978 193
369 658 373 765
784 411 784 508
142 184 204 187
992 413 991 507
468 793 470 849
404 139 503 243
280 9 293 81
804 518 818 597
1001 816 1000 892
958 903 958 1020
162 154 221 170
691 664 692 763
22 1004 59 1011
359 777 359 892
73 283 117 328
180 859 195 876
625 473 630 491
222 810 223 895
332 168 329 252
292 804 290 894
279 804 329 821
570 709 624 758
469 56 473 66
586 5 589 124
338 821 335 891
196 679 220 706
565 915 564 1022
884 734 888 749
479 1018 499 1018
212 225 216 230
759 913 755 1019
31 1 27 123
350 55 372 83
699 526 698 639
104 129 104 252
574 33 624 79
416 622 472 622
694 864 745 889
298 528 295 638
70 933 66 1023
315 933 312 1023
891 741 891 761
709 902 706 1023
98 718 98 765
581 777 603 865
924 236 971 243
868 896 871 1022
926 250 947 250
988 412 990 510
777 187 849 194
81 17 84 125
352 34 348 125
586 148 588 254
456 203 491 249
322 267 323 380
632 439 628 507
686 39 685 125
470 30 474 124
678 264 736 273
447 2 447 125
59 527 102 634
941 631 951 634
91 852 111 860
101 282 104 382
224 966 227 1019
1008 591 1008 618
606 156 608 253
279 470 323 483
216 436 237 454
499 385 502 508
185 108 187 109
315 986 354 1010
728 421 731 508
564 571 567 635
545 261 544 382
973 811 978 877
120 569 121 639
292 540 299 586
332 417 343 435
212 661 208 767
682 397 749 436
389 398 413 415
353 537 371 608
190 836 206 867
863 627 882 628
111 98 121 109
773 219 805 231
724 143 730 225
843 269 844 382
870 521 869 639
392 28 502 49
801 693 799 766
968 771 965 891
982 181 1000 233
707 309 709 383
262 918 340 949
424 142 468 231
944 192 947 251
925 956 991 997
630 447 634 476
460 132 462 254
314 408 313 508
722 522 725 639
631 906 635 1021
213 151 211 254
362 665 361 767
732 836 760 843
200 795 215 868
753 152 749 255
729 256 733 383
195 379 235 379
875 323 884 352
186 77 185 126
794 519 792 636
583 158 633 187
28 22 47 100
882 816 879 893
705 261 738 332
338 550 365 567
57 177 61 255
183 541 203 610
841 285 886 314
66 1003 72 1012
935 698 934 767
807 513 807 635
975 512 979 638
10 1002 83 1007
867 599 869 635
662 519 665 638
749 633 762 634
154 1000 163 1014
300 130 297 252
718 532 737 613
464 549 466 637
27 802 102 882
277 965 334 974
891 657 895 763
540 413 621 428
424 675 495 758
318 185 349 223
459 301 456 381
202 357 204 364
427 132 424 255
492 588 491 638
528 83 635 93
51 89 66 113
56 366 79 372
171 175 174 255
334 47 370 95
620 518 620 639
683 424 753 480
99 173 117 189
737 139 741 253
618 774 618 891
288 7 284 123
778 501 859 507
997 824 1009 876
76 441 73 510
593 911 594 1023
595 394 594 509
658 35 695 113
750 790 748 891
803 195 804 254
74 1000 110 1005
616 663 635 696
986 942 990 1021
429 321 468 326
456 525 505 630
628 830 632 871
118 52 117 126
868 220 865 251
310 880 340 880
529 6 574 34
869 891 886 891
354 162 351 255
207 991 227 1000
854 525 879 583
883 995 889 1006
348 59 377 77
485 775 487 894
112 388 120 431
965 733 992 743
885 660 884 766
784 481 800 497
630 422 632 508
206 909 202 1020
658 668 660 763
370 302 371 379
235 38 237 127
706 156 760 244
475 822 503 863
235 42 237 81
168 917 219 965
235 659 238 764
954 147 954 251
568 827 569 892
593 777 597 891
235 299 232 382
524 646 533 758
472 903 473 1022
585 289 588 382
698 327 755 379
154 699 158 767
909 275 910 301
853 266 887 340
154 68 154 125
607 228 623 247
560 542 560 636
652 16 754 54
57 75 60 123
363 664 365 764
98 188 104 213
909 257 909 381
1014 471 1018 488
886 84 888 102
458 665 462 765
169 679 244 742
4 292 40 333
972 466 1012 489
987 172 991 254
691 430 753 465
469 919 465 1023
804 27 805 124
631 275 635 380
976 802 976 894
444 651 446 764
619 651 618 766
1014 545 1017 635
400 816 397 895
965 969 964 1020
220 569 243 600
86 853 114 861
89 661 91 764
61 954 65 1020
346 908 344 1023
949 548 953 637
735 873 746 888
12 276 15 382
968 809 999 870
156 534 154 636
475 872 478 894
602 192 626 208
62 240 121 249
290 993 349 1015
29 532 25 638
635 978 635 1020
338 956 336 1022
466 427 498 446
120 601 120 624
707 920 710 957
351 304 354 382
202 313 206 380
445 607 476 620
870 258 874 382
759 929 759 1020
293 745 365 748
500 927 502 1021
501 333 502 357
413 746 412 765
337 522 338 635
747 257 747 381
441 1004 489 1014
838 287 857 321
1011 591 1016 599
677 80 690 105
1008 571 1010 639
725 141 728 253
980 945 1012 953
233 420 237 511
196 896 200 1019
558 614 584 625
630 291 632 346
491 962 495 1019
788 739 857 740
327 391 325 511
550 854 604 866
585 657 583 766
464 121 496 121
443 418 498 422
144 716 177 723
430 301 505 335
322 819 324 895
24 918 24 1019
74 492 86 503
651 727 680 746
363 3 361 127
92 741 91 766
456 645 462 731
411 385 415 510
455 406 454 507
846 411 847 511
541 307 591 312
960 292 956 381
621 307 625 379
971 463 991 469
736 7 737 125
564 963 591 975
190 794 191 891
725 931 727 1019
468 771 465 895
106 402 109 510
757 718 759 752
79 977 79 1020
532 642 534 767
501 286 498 379
473 312 485 343
475 515 474 638
960 66 1008 106
989 465 988 508
483 1004 500 1013
969 47 993 63
631 907 631 930
425 557 423 639
932 756 952 762
372 1 368 123
623 172 627 252
842 805 856 841
754 245 759 248
196 583 247 596
827 385 828 509
753 956 759 983
752 92 761 107
106 792 108 893
371 279 368 382
334 387 334 511
149 102 171 104
63 775 62 893
214 774 215 894
879 282 876 383
902 700 934 702
970 281 980 356
799 27 839 51
108 130 107 255
728 259 726 380
198 671 195 764
78 166 74 254
565 561 565 576
596 67 598 126
189 776 189 892
292 172 318 213
978 14 978 123
809 1005 882 1018
339 403 337 510
123 718 123 737
714 861 718 893
759 946 761 1010
92 827 96 894
591 38 601 103
791 709 877 762
280 409 345 503
738 404 741 511
64 258 63 383
419 879 480 884
307 271 331 314
499 388 500 492
292 813 375 814
273 415 357 471
784 170 788 252
975 98 1011 121
551 164 635 215
472 910 472 947
19 551 64 574
367 284 376 369
706 422 759 490
954 144 958 254
401 757 414 757
166 449 170 508
66 761 98 762
347 185 375 211
216 205 216 251
630 995 635 1008
980 275 976 383
346 366 378 367
400 858 427 872
145 394 143 509
414 186 446 222
574 971 598 1001
72 445 69 510
987 4 990 124
61 517 63 636
917 526 998 567
1013 673 1009 766
1001 703 1015 725
661 2 661 127
457 643 454 763
781 33 878 53
884 464 889 491
204 132 200 252
775 537 818 575
798 962 876 1017
231 524 230 635
487 401 484 510
184 181 220 211
651 535 716 549
985 29 985 126
359 702 363 736
687 758 707 763
267 318 373 328
699 399 697 508
864 905 869 995
431 22 460 30
778 391 874 472
1004 915 1006 1022
9 328 34 362
369 659 373 722
717 394 716 507
317 176 368 238
366 133 364 251
758 225 761 255
133 423 174 449
26 787 101 871
456 270 454 383
483 256 486 379
544 545 564 548
144 617 165 633
219 812 222 846
616 653 617 767
707 317 719 374
665 667 745 686
109 562 113 639
849 773 850 892
123 680 126 763
780 53 791 71
943 377 987 378
163 396 166 507
752 76 754 124
24 310 24 381
65 772 62 894
182 936 235 937
