256 256
4
128
170 102 175 120
23 186 25 187
151 137 150 158
237 112 238 126
68 183 76 183
178 212 180 215
98 102 106 124
173 98 173 125
239 203 241 214
238 16 244 29
215 178 217 185
133 9 149 29
200 27 205 28
40 147 59 156
101 65 103 93
247 163 252 164
12 66 13 95
12 75 25 92
49 175 50 183
23 184 22 190
11 244 16 245
74 225 72 253
73 143 74 158
217 140 219 159
109 204 108 223
43 89 56 91
52 231 51 254
143 32 144 61
76 178 76 191
139 141 157 157
124 39 124 62
11 1 11 31
173 250 172 253
131 38 149 52
19 135 20 158
157 168 159 189
154 97 152 127
227 138 239 141
183 131 186 144
186 0 186 31
101 179 100 191
48 138 49 157
120 48 125 60
69 252 83 252
211 232 213 253
26 193 25 221
112 19 112 29
232 74 248 89
39 96 38 125
217 64 217 94
217 147 217 149
188 45 189 47
151 88 151 91
99 69 110 86
34 103 40 111
39 32 38 61
186 128 187 157
90 203 88 221
132 211 134 213
18 41 18 61
53 20 59 22
119 140 125 145
100 224 100 254
109 28 115 29
122 129 123 158
76 118 87 120
134 200 133 221
236 122 249 122
77 97 77 126
213 70 220 86
28 100 30 126
71 151 77 154
188 186 188 187
157 175 157 185
25 107 29 112
24 200 26 215
144 230 144 255
50 66 48 95
252 162 252 191
90 79 91 93
189 34 189 62
186 9 188 28
189 68 187 93
240 200 238 221
218 123 219 124
90 206 90 218
103 99 102 126
8 47 20 61
188 69 189 87
231 39 232 62
98 226 123 244
154 104 154 125
76 4 75 31
250 247 250 253
81 87 91 89
99 180 123 189
218 210 220 213
6 9 12 29
50 195 51 221
75 15 77 28
10 138 26 151
49 170 47 191
76 34 75 62
203 32 202 61
15 237 17 255
203 18 205 30
226 39 249 43
218 103 218 127
39 59 39 61
215 169 214 190
37 241 52 251
211 237 211 242
151 73 153 93
59 9 61 29
148 5 147 31
230 136 229 157
188 177 187 190
50 219 52 220
142 239 156 241
234 73 236 93
179 195 180 223
170 252 179 253
109 207 109 210
239 10 237 30
76 35 86 38
202 48 203 56
245 247 253 253
218 209 216 223
