128 128
2
32
85 73 84 95
        31         22         37         28 
        45        102         56        113 
57 64 58 94
121 79 121 94
25 18 30 20
       111         27        114         30 
115 91 126 93
       106          4        119         17 
110 108 125 110
        29         94         88         35 
120 7 122 12
       126         83        114         95 
         6         69         44        107 
26 16 27 31
       120         28         97         51 
40 106 40 126
47 55 54 57
9 105 10 126
        81        121        112         90 
       100         94        111        105 
40 73 60 75
21 40 28 56
122 2 123 31
        99         40         67         72 
       115        119        123        127 
80 106 91 116
123 106 122 126
40 25 62 26
111 41 110 63
4 114 15 114
56 2 55 30
