256 256
4
128
       217         41        221         45 
48 152 53 155
        99         74        211        186 
104 44 116 58
120 90 125 90
       192         36         78        150 
51 96 53 125
238 162 237 191
50 136 50 157
239 4 240 29
        77        148        128        199 
71 179 91 188
       234         21        205         50 
27 32 25 61
163 221 187 221
       248        112        141        219 
        86         47        120         81 
        18         80        111        173 
142 243 156 246
134 72 132 94
84 124 93 125
6 202 8 223
28 120 29 127
       146        129        171        154 
3 136 4 159
       159        165        183        189 
       166        127         65        228 
        41        189        117        113 
36 168 37 191
        76         26        122         72 
118 184 125 189
91 192 89 221
120 228 119 253
229 75 244 79
       102        143        164        205 
162 44 166 58
25 120 29 121
       179        102        192        115 
181 134 182 158
209 203 207 222
115 44 113 61
       213         33        114        132 
12 35 29 47
137 175 143 186
5 177 6 189
7 23 21 27
        78         47        128         97 
17 247 26 250
241 149 244 153
        83        182        128        227 
       199         53        134        118 
232 45 246 54
227 12 247 16
        78         57         83         62 
50 112 53 115
91 218 93 219
141 162 140 191
       176        110        187        121 
241 97 242 127
        82         76        192        186 
87 231 87 247
109 8 113 21
       211         30        250         69 
59 235 61 238
144 139 143 159
143 103 145 125
        99         28        214        143 
13 9 11 30
        13        170         68        225 
       181          8        249         76 
83 171 81 189
       179        240        234        185 
       133         12        218         97 
       213        162        253        202 
17 244 15 254
37 44 60 53
154 34 155 62
        53         75        144        166 
85 142 87 157
41 9 46 14
219 228 220 254
       177         58        203         84 
87 229 86 254
       157        178        218        239 
241 192 240 222
61 227 59 254
        81         50         97         66 
176 162 177 189
244 146 245 157
       156        128        225        197 
109 4 110 31
236 178 238 184
2 144 9 146
136 195 136 222
171 234 172 254
       120        227        228        119 
237 34 238 63
122 168 121 191
        90         44        179        133 
         8        140         67        199 
87 10 89 16
       140         33        226        119 
       184         85        251        152 
204 29 216 29
204 106 203 127
116 101 120 123
3 177 16 188
        65        185         71        191 
89 3 87 29
        43        229         90        182 
163 39 161 62
       252         16        235         33 
88 124 86 126
122 152 124 159
133 84 147 87
       246         93        207        132 
171 162 180 167
        39         55         66         82 
49 212 57 218
51 86 52 94
77 146 86 150
155 228 154 255
       124        175        183        234 
165 154 181 156
240 195 242 220
119 195 117 221
       205        130        217        142 
        33         22         82         71 
