1024 1024
8
512
591 85 595 125
140 1014 155 1015
955 635 1011 635
423 968 431 1009
722 800 728 872
622 36 625 107
324 531 321 639
829 873 876 888
28 824 103 879
890 8 886 125
       343         47        770        474 
331 902 327 1020
730 473 742 506
619 387 621 510
842 680 888 741
813 440 884 440
665 271 668 383
572 430 574 507
963 160 959 251
       211        681        400        870 
1019 823 1021 894
522 248 542 250
       423        560        765        902 
343 109 375 121
62 969 85 999
310 273 308 381
689 594 737 632
426 739 426 765
633 916 633 996
527 205 527 252
236 174 235 252
       190        111        434        355 
148 697 199 721
935 102 952 115
885 174 888 253
743 966 739 1019
920 168 992 205
832 536 833 636
       850        144        893        187 
42 239 70 244
505 3 509 125
104 389 104 510
402 501 487 507
786 450 842 460
816 552 812 638
58 214 59 255
251 193 254 251
377 696 378 721
588 897 586 1023
872 83 876 112
846 416 849 509
345 787 377 843
165 553 243 598
737 140 740 254
249 888 249 890
633 774 632 892
273 984 351 1001
977 952 976 1022
       149        319        489        659 
48 938 45 1019
529 919 620 957
820 540 816 638
951 360 961 369
341 273 370 327
15 610 11 635
935 335 983 352
80 402 80 509
      1017        120        578        559 
499 292 497 380
107 233 110 239
369 855 369 893
738 352 746 353
221 645 223 764
364 101 374 112
295 316 354 358
        51        304        249        502 
620 14 632 72
369 866 369 887
106 390 118 506
682 385 686 511
537 644 533 765
865 202 886 234
572 915 605 977
58 305 98 361
318 548 314 635
445 781 443 894
871 957 867 1021
762 932 766 1019
       902        218        923        239 
1012 645 1014 766
891 911 890 1020
78 668 76 765
348 922 352 1023
706 608 729 634
325 268 323 379
489 72 490 114
675 879 724 879
880 486 890 492
       303        187        550        434 
793 132 795 251
878 186 876 253
660 158 662 251
334 388 367 406
183 952 186 1022
751 25 751 123
954 310 951 380
62 844 63 889
604 171 612 188
114 554 118 639
12 624 17 632
627 14 628 126
62 921 64 1022
324 586 324 596
656 100 726 108
223 201 236 237
422 135 449 159
678 30 679 125
85 727 88 728
969 76 988 111
276 20 272 123
527 331 527 377
        87        758        134        805 
177 33 175 125
876 51 875 125
645 323 750 350
271 566 270 637
487 902 486 1023
375 12 372 126
       707        593        926        812 
936 939 936 1021
918 349 1011 367
463 649 491 682
963 64 1008 105
         6         86        454        534 
375 26 377 88
982 533 1011 594
796 834 799 891
966 327 963 379
635 135 635 251
876 827 877 890
327 240 363 246
742 44 745 125
241 5 240 124
847 649 850 767
483 324 479 380
725 771 728 894
490 38 492 126
718 519 722 637
597 771 599 891
605 400 633 451
827 643 823 767
410 407 410 511
451 789 455 864
       666        715        852        901 
927 165 952 220
62 807 60 892
521 652 582 697
207 621 207 626
632 168 635 181
147 961 150 1020
419 761 501 762
582 908 584 1023
659 180 682 194
        68        919        271        716 
       594        510        815        731 
616 556 632 608
885 412 881 511
627 263 629 381
527 265 531 382
63 928 83 980
526 404 539 489
        42        375        345        678 
187 596 232 600
823 646 862 719
139 1013 242 1018
       489        965        553        901 
688 402 757 497
982 676 981 767
505 16 506 93
       604        730        764        890 
760 159 762 218
711 692 745 723
276 901 274 1023
940 932 939 1022
303 593 324 595
70 733 79 733
719 594 723 638
526 711 527 763
98 53 122 85
805 463 802 507
408 408 427 417
599 890 614 891
728 991 749 1007
736 419 734 507
813 581 879 626
318 917 361 924
378 670 376 764
919 881 915 891
463 775 461 895
371 31 374 127
486 930 487 943
787 900 790 1019
741 675 745 765
584 519 634 563
979 425 982 507
935 944 951 964
308 588 367 592
68 25 71 127
963 968 980 1017
87 76 120 118
358 333 377 359
887 12 891 29
584 188 619 220
687 409 685 509
444 134 450 244
440 133 438 253
542 394 538 508
704 826 706 850
       360        213        638        491 
857 791 861 891
494 904 498 1020
593 673 620 731
517 439 542 502
431 899 435 1019
117 474 117 483
843 760 891 763
573 314 570 383
937 265 933 380
379 137 381 251
72 930 103 1007
978 46 999 114
883 362 885 379
702 320 723 351
85 283 88 381
960 1014 1017 1019
616 875 617 885
697 586 697 635
207 563 203 638
612 171 613 253
527 398 524 509
918 286 966 312
730 43 752 81
165 700 179 748
348 401 379 459
245 1 249 124
709 613 742 628
4 872 30 872
       355        442        460        547 
603 586 620 597
       898        341        625        614 
1007 573 1015 581
       206        410        660        864 
146 1000 199 1019
917 446 981 470
499 299 499 311
745 990 749 1023
348 43 352 126
716 992 763 992
604 40 607 54
1016 863 1013 894
833 830 835 894
692 170 699 207
856 758 854 764
762 135 759 252
966 545 967 636
713 847 715 894
378 181 379 234
479 643 483 765
714 658 714 763
729 665 729 763
76 339 106 355
708 555 762 567
762 972 763 1017
249 63 250 119
489 274 489 383
727 818 726 894
952 153 952 255
815 656 852 712
867 268 871 380
176 100 178 117
489 541 489 616
471 527 472 635
329 171 332 255
32 182 115 225
853 809 873 834
890 1014 891 1018
347 264 346 382
474 499 471 507
607 16 603 124
357 388 359 510
997 30 999 124
       244        912        607        549 
90 48 90 125
36 941 60 995
104 425 115 452
792 845 828 877
36 82 39 93
466 973 476 1000
236 184 237 243
670 40 690 61
978 948 976 1019
746 744 747 748
1009 552 1005 636
698 263 697 382
474 492 498 494
704 393 705 510
489 537 493 635
536 548 625 595
       531        451        889        809 
       118        233        550        665 
        61        703        111        753 
85 288 87 381
88 679 88 764
572 958 611 975
       431        199        699        467 
467 963 465 1022
80 411 99 480
448 133 449 254
270 624 273 624
488 158 485 253
876 817 872 893
462 778 498 883
94 192 120 218
85 364 86 372
557 494 619 503
169 658 166 766
174 652 231 755
       288        173        332        217 
1019 863 1019 878
591 155 589 251
       135         85        371        321 
       435        187        534        286 
597 513 600 638
503 398 506 511
869 982 871 997
325 349 326 357
802 950 841 999
       966        131        771        326 
613 650 616 765
275 109 284 110
469 545 494 606
       273        296        533        556 
       786        102        964        280 
425 631 476 633
       393        663        462        732 
       281        523        419        661 
949 53 952 124
98 158 95 254
369 787 365 894
746 683 748 765
624 354 634 365
736 141 740 171
847 178 883 250
343 1015 348 1016
964 690 986 694
443 829 447 895
713 530 717 636
791 139 794 170
832 605 842 610
616 514 614 635
45 731 123 733
       583        299        701        417 
161 932 158 1021
464 585 462 637
484 242 482 253
632 779 635 782
       386        742        481        837 
41 65 68 89
116 389 112 509
913 890 919 891
107 136 103 252
79 644 75 764
735 706 745 737
312 132 316 251
359 896 356 1020
       325        518        698        891 
429 541 425 639
148 690 147 767
1017 390 1014 507
183 578 217 611
       968        401        806        563 
       151        652        176        677 
580 287 578 381
114 607 116 630
225 899 221 1019
930 134 995 184
478 340 503 341
577 804 603 887
870 348 890 359
       467        514        861        908 
866 7 870 125
       558        227        740        409 
113 539 110 639
249 854 246 891
799 491 806 495
633 906 629 1022
447 292 447 379
238 541 236 638
616 787 614 894
618 531 617 639
745 263 749 381
108 8 108 126
423 635 443 635
482 346 489 369
576 355 599 375
881 516 890 607
78 710 74 766
413 337 481 368
338 188 340 204
       437        175        671        409 
735 112 742 115
373 401 372 508
738 899 741 1019
263 997 342 1010
783 907 867 918
117 447 115 509
816 915 820 1019
201 548 203 635
957 170 969 183
94 533 93 636
481 644 479 764
148 417 234 492
991 523 990 635
858 296 882 345
993 888 1017 889
77 679 81 760
942 134 943 255
701 826 742 853
695 349 735 369
867 145 870 254
943 591 940 639
410 883 460 885
         4         32        111        139 
251 195 251 240
884 319 885 380
625 641 627 766
682 461 682 480
376 384 378 508
340 134 338 252
1012 707 1014 711
847 52 887 82
241 85 243 94
356 397 354 511
        89        133        550        594 
932 394 957 473
35 349 97 372
974 55 973 123
885 249 886 250
343 570 346 636
808 388 811 509
982 691 979 764
71 900 69 1020
880 372 883 375
558 115 612 123
478 653 481 666
343 504 376 504
478 192 497 238
500 412 507 491
112 866 113 885
       107        532        192        617 
       985        573        581        977 
481 413 485 511
985 47 988 127
494 911 494 926
603 751 628 758
      1015        486        602        899 
800 35 800 123
104 552 114 621
977 726 1003 746
197 932 234 1000
243 6 249 101
774 592 821 622
738 903 739 969
494 655 493 767
956 388 956 509
426 813 453 839
622 20 620 127
545 378 624 378
881 679 884 767
269 151 356 204
599 865 599 894
1017 406 1018 425
228 391 228 507
41 801 44 893
797 79 883 102
       310         65        466        221 
692 128 694 255
489 750 495 763
706 824 707 893
709 681 750 748
92 297 91 379
249 6 250 123
926 146 923 253
216 570 219 638
523 737 544 752
711 268 714 381
646 429 710 463
599 906 600 1021
606 512 607 636
660 4 664 125
859 289 877 361
453 768 454 892
90 896 87 1019
19 860 18 893
861 278 858 382
884 515 884 638
112 798 115 891
910 978 980 1014
344 395 378 468
362 316 360 381
89 567 102 616
366 769 370 891
