4096 4096
0
169
124 110 230 110 230 657
324 709 324 702 4 702
272 428 721 428 721 917
249 561 325 561 325 875 688 875
188 406 890 406 890 878
524 1003 524 918 989 918 989 49
238 476 990 476 990 36 1005 36
326 861 326 544 521 544
278 58 131 58 131 661
87 497 87 115 324 115
630 1838 630 1784 981 1784 981 1536
265 1316 341 1316 341 1359
609 1198 609 1263 752 1263 752 1783
302 1462 302 1526 286 1526 286 1542
550 1661 550 1588 954 1588
669 1262 868 1262 868 1746
161 1172 161 1508 297 1508 297 1525
206 1507 206 1382 377 1382
441 1662 441 1055 15 1055
615 1677 615 1662 517 1662 517 1297
361 3065 361 2710 223 2710
403 2601 403 2404 97 2404 97 2238
1018 2383 1018 2602 463 2602 463 2671
40 2599 40 2335 847 2335
530 2263 530 2601 749 2601
233 2403 233 2329 802 2329
617 2115 104 2115 104 2900
68 2088 908 2088 908 2740
25 2786 25 2048 698 2048
138 2215 138 2711 343 2711 343 2976
57 2868 57 2337 595 2337
954 3512 879 3512 879 3742
73 3752 121 3752 121 4009
705 3938 705 4085 1000 4085
229 3620 451 3620 451 3960
872 3554 872 3518 61 3518 61 3400
604 3336 371 3336 371 3517
167 3851 873 3851 873 3118 905 3118
51 3351 51 3295 1005 3295
311 3371 311 3113 505 3113
610 3188 784 3188 784 3449
1906 943 1906 875 1152 875 1152 873
1624 666 1624 353 1382 353
1654 874 1679 874 1679 729
1297 28 1931 28 1931 872
1821 289 1900 289 1900 738
1487 95 1391 95 1391 427
2046 451 2046 944 1587 944 1587 990
1815 191 1651 191 1651 848
2042 379 2042 447 1173 447
1722 155 1091 155 1091 485
1486 417 1425 417 1425 656
1325 1037 1295 1037 1295 1604
1329 1071 1801 1071 1801 1842
1271 1291 1778 1291 1778 1307
1783 1236 1795 1236 1795 1842
1891 1428 1891 1535 1366 1535
1650 1557 1890 1557 1890 1813
1148 1570 1148 1605 1933 1605 1933 1802
1053 1311 1053 1126 1385 1126
1081 1542 1081 1460 1944 1460
1619 1470 1538 1470 1538 1922
1876 2000 1876 1568 1098 1568
1961 2779 1961 2332 1788 2332
1704 2991 1704 2928 1143 2928 1143 2566
1370 2165 1370 2397 1641 2397 1641 2470
1990 2222 1990 2396 1634 2396
1814 2165 1394 2165 1394 2362
1215 2498 1215 2097 1182 2097
1603 2089 1885 2089 1885 2191
1670 2926 1670 2490 1651 2490
1948 2966 1948 2927 1105 2927 1105 2607
1822 2682 1747 2682 1747 2558
1149 2670 1271 2670 1271 2895
1889 3597 1889 3371 1558 3371
1572 3835 1572 4050 1068 4050 1068 4090
1371 3965 1371 3450 1127 3450
1942 3325 1843 3325 1843 3944
1281 3781 1350 3781 1350 3988
1304 3528 1181 3528 1181 3590
1037 3205 1217 3205 1217 3355
1595 3272 1595 3181 1396 3181
1204 4049 1204 3591 1082 3591 1082 3162
2018 3245 2018 3273 1429 3273 1429 3377
2299 715 2299 743 3045 743 3045 950
2239 161 2734 161 2734 264
2281 596 2281 385 2374 385
2854 742 2817 742 2817 552
2494 713 2564 713 2564 974
2809 276 2359 276 2359 384
2931 73 2969 73 2969 511
2934 725 2934 74 2493 74 2493 68
2143 988 2143 597 2718 597 2718 585
2704 418 2704 200 2244 200
2932 974 2932 419 2533 419 2533 289
2699 1626 2829 1626 2829 1807
2992 1966 2992 2001 2311 2001 2311 2027
2086 2030 2086 1400 2130 1400
2833 1716 3030 1716 3030 1892
2292 1322 2317 1322 2317 1886
2290 1474 2848 1474 2848 1955
3068 1361 2221 1361 2221 1619
2493 1160 2521 1160 2521 2034
2646 2000 2646 1887 2144 1887 2144 1461
2582 1339 2582 1070 2110 1070
2951 1026 2849 1026 2849 1488 2758 1488
2563 2067 2301 2067 2301 2827
2974 2184 2974 2652 2456 2652
2846 2798 2846 2631 2594 2631 2594 2219
2228 2325 2228 2085 2781 2085
2278 2086 2837 2086 2837 2832
2603 2630 2603 2182 2627 2182
2260 2530 2260 2828 2435 2828 2435 2911
2145 2611 2145 2653 2716 2653 2716 2702
2803 2182 2803 2183 2405 2183 2405 2626
2629 2903 2698 2903 2698 2172
2333 2470 2346 2470 2346 2547
2689 3810 2689 3417 2356 3417 2356 3280
2774 3299 2854 3299 2854 3934
2940 4046 2721 4046 2721 3299 2486 3299
2379 3286 2405 3286 2405 3416
2720 3483 2720 3638 2586 3638 2586 3709
2502 3911 2502 3906 2536 3906
2740 3890 2740 3819 2786 3819
2705 3637 2705 3611 2329 3611
2371 4004 2371 4003 2079 4003 2079 3544
2352 3876 2352 3643 2200 3643
2182 4002 2182 3606 2489 3606
3161 102 3167 102 3167 779 3287 779
3386 107 4095 107 4095 802
3616 936 3704 936 3704 379 3796 379
3778 498 3809 498 3809 814
4073 534 4073 250 3237 250
3086 234 3165 234 3165 860
3433 931 3433 803 3703 803
3356 714 3356 339 3637 339
3733 669 3733 815 3887 815 3887 870
3084 212 3166 212 3166 267 3894 267
3287 1214 3711 1214 3711 1713
3660 1279 3660 1227 3117 1227 3117 1037
4046 1077 3176 1077 3176 1226
3434 1776 3434 1715 4026 1715 4026 1031
3189 1654 3189 1652 4051 1652 4051 1278
3096 1609 3096 1065 4024 1065
4039 1056 4039 1066 3858 1066 3858 1601
3550 1385 3550 1714 4080 1714 4080 1927
3369 1725 3369 1873 4001 1873
4063 1885 4063 1874 3245 1874 3245 1659
3878 1651 3878 1602 3390 1602 3390 1566
3727 2255 3105 2255 3105 2750
3890 2467 3890 2389 3197 2389 3197 2324
4039 3046 4039 2962 4065 2962 4065 2516
3555 2975 3555 2733 3932 2733
3534 2143 4046 2143 4046 2712
3639 2101 3807 2101 3807 2388
3127 2860 3127 2198 3255 2198
4051 2961 4051 2119 3567 2119
4005 2795 4005 2808 3234 2808 3234 2854
3419 2807 3419 2628 3240 2628
3659 3124 3217 3124 3217 4072
3682 3741 3682 3896 3546 3896 3546 4038
3187 3691 3187 3259 3744 3259
3373 3249 3683 3249 3683 3955 3727 3955
3741 3784 3741 3751 3219 3751
3512 3831 3512 3696 3661 3696
3239 3724 3239 3832 3596 3832 3596 3895
3596 3852 3158 3852 3158 3756
3738 3181 3447 3181 3447 3786
3921 3499 3921 3785 3689 3785 3689 3803
