64 64
4
622
1 8 1 6 3 6 3 11
15 3 15 1 11 1 11 12
9 0 16 0 16 7 15 7
1 5 1 3 6 3 6 9
14 12 14 13 8 13 8 11
0 11 0 5 2 5
4 13 4 12 1 12 1 14
2 1 7 1 7 10 15 10
4 11 4 7 10 7
6 6 0 6 0 7
5 7 5 10 8 10
13 1 12 1 12 10 8 10
9 3 9 1 10 1 10 5
3 12 3 14 10 14 10 8
9 11 6 11 6 12
5 6 5 2 1 2 1 0
0 8 2 8 2 6 7 6
9 14 9 0 11 0
6 5 14 5 14 7
13 8 8 8 8 0 0 0
2 5 3 5 3 14
15 11 13 11 13 1 8 1
3 7 7 7 7 9
8 7 8 1 9 1
14 15 14 14 10 14 10 12
10 10 2 10 2 15
9 28 9 24 0 24 0 26
12 18 12 16 15 16
1 31 1 29 11 29 11 25
10 29 10 17 12 17
4 22 4 27 10 27
15 27 15 30 10 30 10 31
5 22 5 30 9 30 9 31
9 25 9 16 8 16 8 18
5 24 11 24 11 18 12 18
11 28 2 28 2 27
13 21 12 21 12 26 5 26
1 22 1 20 14 20 14 23
0 26 3 26 3 27 7 27
4 22 3 22 3 26 0 26
15 16 15 15 3 15 3 24
8 22 8 19 14 19 14 16
2 16 2 32 11 32 11 30
2 23 0 23 0 31 9 31
12 30 13 30 13 21 10 21
8 21 5 21 5 18
12 17 12 16 6 16 6 18
1 17 1 20 2 20
10 25 8 25 8 26
13 24 13 27 5 27
10 29 10 25 5 25 5 26
9 19 6 19 6 23 4 23
8 28 12 28 12 30 13 30
15 25 15 28 5 28
6 46 6 41 2 41 2 43
8 43 8 33 5 33
5 34 9 34 9 43
14 36 14 35 8 35
14 33 10 33 10 34 6 34
9 47 9 44 14 44 14 38
13 45 15 45 15 44
3 43 3 39 12 39 12 41
9 46 4 46 4 34
10 42 10 48 3 48 3 47
12 44 12 42 10 42
0 34 0 47 13 47 13 46
4 36 0 36 0 45
3 47 3 44 0 44
2 44 8 44 8 46 15 46
8 41 7 41 7 39
13 41 13 37 1 37 1 39
12 32 12 38 4 38 4 41
11 46 11 45 9 45
12 40 2 40 2 32 1 32
8 46 1 46 1 39 3 39
1 35 4 35 4 36
15 35 15 36 2 36 2 39
12 41 12 42 14 42
3 47 3 33 1 33 1 32
5 40 5 35 11 35 11 36
2 40 0 40 0 42
10 32 10 33 2 33 2 40
10 58 10 56 6 56 6 62
14 53 14 49 1 49 1 48
12 62 12 59 9 59
8 60 8 57 10 57
12 58 12 54 15 54 15 52
5 51 5 62 6 62
3 48 3 50 8 50 8 51
3 48 2 48 2 61 6 61
10 60 11 60 11 56
1 60 1 63 8 63 8 61
10 50 7 50 7 62 8 62
3 60 9 60 9 61 10 61
11 63 11 62 3 62
5 49 1 49 1 54
9 52 9 51 10 51 10 54
4 54 4 55 1 55 1 60
7 61 3 61 3 52 5 52
8 55 13 55 13 58
5 48 6 48 6 61
1 63 0 63 0 52
1 48 4 48 4 58 10 58
4 51 4 53 14 53 14 57
8 52 8 54 10 54 10 59
8 57 8 51 0 51 0 48
0 61 0 59 10 59 10 54
13 49 13 52 6 52 6 58
21 11 21 7 18 7 18 9
28 2 22 2 22 7 20 7
23 7 23 3 27 3 27 5
17 3 17 12 26 12 26 11
23 5 19 5 19 1
21 3 21 0 17 0 17 2
30 7 30 5 31 5 31 15
29 10 29 1 17 1 17 2
21 3 21 0 28 0 28 1
22 0 24 0 24 13
23 3 18 3 18 8
22 12 22 13 20 13 20 14
18 7 19 7 19 11 31 11
16 10 25 10 25 8
25 8 25 4 21 4 21 3
25 8 26 8 26 13 24 13
20 10 20 4 19 4
18 0 18 6 27 6
18 4 16 4 16 15 28 15
24 10 24 14 17 14 17 15
25 8 27 8 27 10 26 10
18 3 28 3 28 11
23 15 23 8 21 8
18 3 18 4 21 4 21 7
20 5 19 5 19 10
23 7 22 7 22 15
17 7 17 11 30 11
16 9 21 9 21 2
23 30 23 27 24 27 24 29
30 22 30 16 31 16 31 17
24 20 24 18 25 18 25 28
25 28 26 28 26 16 23 16
19 30 19 17 23 17 23 18
31 30 31 31 16 31 16 26
30 25 30 23 31 23 31 17
22 22 22 30 31 30
21 29 27 29 27 19
19 26 20 26 20 27
30 29 30 23 24 23
25 31 25 32 23 32 23 28
29 30 29 28 30 28
29 31 29 33 23 33 23 27
24 22 24 21 28 21 28 30
29 28 29 16 28 16 28 18
25 23 21 23 21 29
17 25 17 32 24 32 24 31
23 16 20 16 20 31 22 31
30 29 30 28 28 28
27 25 25 25 25 26
16 21 16 22 19 22
17 17 19 17 19 29
30 21 30 26 23 26
20 23 20 22 28 22
27 29 27 27 29 27
28 27 28 25 24 25
23 20 23 19 18 19 18 17
30 18 27 18 27 17 22 17
23 35 23 34 28 34 28 37
17 33 17 38 28 38
28 32 30 32 30 44 29 44
20 43 20 33 25 33
22 38 22 39 28 39 28 47
31 35 31 36 19 36 19 33
20 33 18 33 18 42 19 42
19 43 19 38 18 38
23 39 23 37 25 37 25 35
29 37 29 43 19 43
21 47 32 47 32 32 31 32
25 32 22 32 22 47
28 37 31 37 31 47 30 47
24 47 24 48 20 48 20 42
18 46 18 45 29 45
16 35 16 39 21 39
26 46 26 35 23 35
29 34 29 40 24 40 24 45
17 40 15 40 15 33 22 33
30 37 30 36 29 36
19 45 21 45 21 34 28 34
17 38 17 47 20 47
19 33 16 33 16 38
22 39 22 37 16 37 16 36
18 40 23 40 23 47
26 47 27 47 27 44 28 44
23 34 27 34 27 38 29 38
23 43 23 42 26 42
22 60 22 58 25 58 25 61
16 56 16 55 18 55
24 48 24 49 23 49 23 61
18 63 18 56 20 56 20 49
26 52 26 50 30 50 30 54
27 48 27 49 19 49
24 62 27 62 27 50
22 50 21 50 21 63 31 63
31 63 31 55 24 55 24 49
16 54 16 48 26 48
30 55 30 61 18 61
27 52 26 52 26 63 23 63
18 61 17 61 17 50 27 50
17 60 17 62 26 62 26 63
24 61 24 56 22 56 22 58
28 53 28 59 25 59
29 56 29 62 30 62 30 63
23 62 25 62 25 49 29 49
26 57 22 57 22 50 21 50
25 55 31 55 31 52
25 48 18 48 18 52 16 52
16 56 16 54 17 54
18 61 20 61 20 59 27 59
24 57 19 57 19 53 20 53
23 51 28 51 28 53
16 58 16 52 22 52
27 60 29 60 29 50
33 12 33 0 44 0 44 1
32 12 32 13 42 13 42 1
34 12 34 10 46 10 46 14
40 6 40 4 39 4 39 12
44 14 44 15 47 15 47 8
35 15 35 9 42 9
39 5 38 5 38 4
40 2 40 1 37 1 37 4
46 6 46 7 36 7 36 11
32 5 32 13 45 13
35 11 37 11 37 9
34 1 37 1 37 0
32 14 32 16 36 16 36 15
33 14 40 14 40 8
35 14 35 12 44 12 44 11
32 1 32 3 47 3 47 15
39 3 41 3 41 8 42 8
40 7 40 8 37 8 37 11
35 10 35 5 37 5
43 10 43 11 38 11
40 10 40 9 42 9
40 2 34 2 34 11 33 11
33 13 33 6 39 6 39 1
46 6 46 9 32 9 32 10
42 14 42 15 34 15 34 2
35 14 35 13 37 13
35 10 35 13 40 13
32 3 32 4 38 4 38 10
47 18 47 17 33 17 33 30
32 30 37 30 37 18
45 27 45 18 34 18 34 19
37 29 34 29 34 24 33 24
47 20 47 16 38 16 38 17
41 30 41 28 38 28 38 31
44 28 44 23 41 23 41 25
44 28 44 31 40 31 40 29
42 25 42 24 43 24 43 31
43 24 42 24 42 29
43 16 43 19 42 19 42 28
40 25 40 23 32 23 32 30
45 17 39 17 39 28
42 29 41 29 41 22 43 22
42 20 44 20 44 22 47 22
32 24 35 24 35 26
33 30 33 32 41 32 41 28
39 20 41 20 41 18
36 20 36 21 47 21 47 28
45 31 45 27 42 27
33 17 32 17 32 27 39 27
46 18 46 19 34 19 34 24
38 17 38 22 46 22 46 23
41 17 35 17 35 26 33 26
32 27 32 26 38 26 38 23
47 16 48 16 48 19 41 19
40 47 40 38 33 38 33 40
41 44 41 33 42 33 42 35
36 40 36 39 37 39 37 38
33 44 33 47 40 47
35 33 33 33 33 36
44 33 44 32 47 32 47 34
40 46 34 46 34 33
33 38 33 37 42 37 42 32
40 34 40 36 41 36
43 35 43 47 40 47
44 45 38 45 38 41
46 44 46 46 44 46 44 47
45 33 45 46 43 46
32 46 32 48 38 48 38 47
32 40 38 40 38 34 39 34
33 47 36 47 36 42
35 47 35 49 46 49 46 43
46 42 46 36 41 36
39 34 35 34 35 35 34 35
47 34 47 33 33 33 33 32
45 47 42 47 42 43 32 43
38 47 38 48 44 48 44 46
32 35 32 34 33 34
36 43 37 43 37 35
41 33 41 35 33 35
42 38 44 38 44 40
46 43 47 43 47 47 42 47
43 40 44 40 44 44 46 44
36 59 36 50 47 50
43 50 34 50 34 60
36 54 40 54 40 58
41 49 41 51 43 51 43 59
37 53 33 53 33 63
33 57 32 57 32 61 45 61
36 60 40 60 40 59
36 63 48 63 48 48 47 48
47 50 47 51 43 51 43 49
36 56 38 56 38 59
32 48 32 49 36 49
43 63 43 62 38 62 38 48
32 54 32 56 33 56 33 58
35 62 35 52 46 52 46 48
39 58 39 59 43 59
41 58 41 56 43 56
44 55 44 53 42 53 42 49
47 48 47 63 44 63
32 48 32 55 43 55
43 48 45 48 45 60
42 48 42 54 43 54 43 56
32 50 33 50 33 59 34 59
45 60 45 57 38 57
36 50 37 50 37 62 32 62
35 63 35 60 46 60 46 62
46 48 46 53 41 53
36 48 34 48 34 49
43 51 44 51 44 62
63 11 63 3 50 3 50 5
52 6 52 4 55 4
53 11 53 7 51 7 51 3
58 1 48 1 48 10 50 10
48 11 48 12 58 12 58 5
48 11 56 11 56 1
54 11 54 13 61 13 61 9
62 11 62 12 63 12 63 13
54 1 54 2 50 2 50 11
56 10 56 14 63 14 63 13
53 3 49 3 49 15 48 15
52 2 52 0 58 0 58 4
62 4 62 15 58 15 58 14
63 2 60 2 60 13 53 13
60 15 60 12 59 12 59 7
62 9 62 8 61 8 61 0
59 8 57 8 57 5 56 5
56 5 55 5 55 11 58 11
53 10 54 10 54 8 63 8
52 4 52 8 54 8
62 4 62 0 56 0
51 13 51 16 61 16 61 15
60 8 57 8 57 11 54 11
49 3 49 2 59 2 59 13
60 3 60 4 50 4
61 31 61 30 55 30
53 27 53 17 50 17 50 19
48 31 48 28 59 28 59 16
50 25 50 20 61 20 61 17
53 22 55 22 55 16
55 27 56 27 56 20 59 20
55 30 59 30 59 22
52 26 52 24 59 24
57 22 57 21 59 21
57 27 57 23 52 23 52 21
60 23 60 21 62 21 62 25
56 19 56 17 63 17 63 16
52 23 59 23 59 31
59 18 60 18 60 29 62 29
52 22 51 22 51 24 55 24
49 31 49 23 50 23
58 23 58 21 49 21 49 22
59 22 58 22 58 18 50 18
52 27 52 25 59 25 59 23
59 27 59 29 50 29 50 22
59 29 58 29 58 25 56 25
48 21 48 19 61 19 61 22
60 22 61 22 61 27 56 27
56 31 54 31 54 16
60 26 60 32 54 32 54 30
61 26 61 24 57 24
50 20 51 20 51 29
57 40 57 33 52 33
49 36 49 34 54 34 54 47
58 34 58 41 53 41 53 45
61 34 61 46 51 46 51 44
50 47 50 41 54 41
61 35 51 35 51 39
59 37 59 35 62 35
50 39 50 40 59 40 59 38
56 45 56 43 58 43 58 46
60 36 60 37 48 37 48 33
55 46 55 47 62 47 62 41
49 42 60 42 60 33 59 33
48 36 62 36 62 40
53 47 53 48 61 48 61 33
62 32 62 31 51 31 51 37
60 41 60 35 62 35
60 37 55 37 55 45
54 46 54 45 59 45 59 36
55 44 55 35 62 35
61 46 60 46 60 44 55 44
50 47 49 47 49 34
61 34 48 34 48 45
53 37 53 39 57 39 57 46
51 34 51 33 49 33 49 32
55 41 55 43 61 43 61 45
55 40 55 49 49 49 49 47
63 50 50 50 50 62
57 62 57 57 48 57
63 50 63 51 54 51
55 56 55 52 61 52 61 54
59 63 55 63 55 59
55 48 56 48 56 52
56 48 54 48 54 55
53 53 53 56 57 56 57 55
51 50 51 51 53 51 53 52
59 52 59 49 54 49
54 57 54 58 53 58 53 62
49 50 49 52 52 52 52 60
49 59 49 61 56 61 56 56
60 48 60 52 61 52
49 51 49 53 59 53 59 54
56 52 56 55 61 55 61 60
54 50 54 54 48 54
54 51 60 51 60 63 61 63
56 59 51 59 51 58 48 58
63 61 63 58 60 58
53 52 54 52 54 53
49 58 49 55 54 55 54 52
53 60 58 60 58 57 61 57
57 57 57 58 48 58 48 59
57 50 51 50 51 63 50 63
53 63 53 62 63 62
31 14 31 17 9 17
1 15 1 16 26 16 26 17
26 14 29 14 29 17
10 16 12 16 12 17
3 15 3 13 15 13 15 16
21 15 21 18 13 18 13 17
16 14 16 13 25 13 25 16
28 15 28 12 3 12 3 14
6 16 6 17 26 17
16 15 25 15 25 16
31 30 21 30 21 32 20 32
28 31 28 33 6 33
23 33 23 32 28 32 28 31
22 30 22 31 1 31 1 33
6 31 6 30 1 30 1 32
7 33 7 32 16 32
16 31 31 31 31 33
8 30 8 32 28 32
4 32 12 32 12 33
29 30 11 30 11 32
23 46 14 46 14 47
1 49 1 48 6 48
5 49 5 48 28 48 28 47
8 49 15 49 15 46 26 46
3 48 3 46 0 46
5 46 6 46 6 47
19 49 19 48 25 48
6 46 6 45 21 45 21 48
6 48 6 47 11 47
24 49 16 49 16 47 11 47
23 17 23 16 35 16
29 17 29 13 22 13 22 14
27 16 27 15 33 15 33 17
28 16 18 16 18 17
44 14 43 14 43 15 37 15
47 16 47 17 23 17
31 17 31 16 30 16
44 14 17 14 17 17
27 17 27 16 45 16
25 15 17 15 17 17
32 33 32 31 44 31 44 32
27 30 34 30 34 33
16 32 16 33 30 33
37 31 41 31 41 33
26 31 26 30 32 30
38 33 38 32 45 32 45 31
29 31 21 31 21 30
38 30 35 30 35 32
26 30 26 29 43 29 43 32
36 31 20 31 20 33 16 33
30 46 22 46 22 47
39 47 39 48 22 48 22 49
24 48 23 48 23 49
37 47 36 47 36 48
39 46 39 45 33 45 33 47
39 47 16 47 16 48
25 46 25 49 41 49
32 49 32 48 31 48
38 47 16 47 16 48
26 46 25 46 25 49
33 48 33 46 45 46
47 16 47 14 33 14
46 16 46 14 48 14
38 15 43 15 43 17
41 17 49 17 49 14
49 15 49 14 37 14
43 15 53 15 53 16
39 17 39 16 40 16
55 15 63 15 63 17
44 16 44 14 57 14
62 14 62 13 38 13 38 15
47 30 47 32 40 32
32 31 32 30 47 30 47 32
59 33 53 33 53 32 37 32
46 31 46 29 49 29 49 30
36 33 36 32 44 32
41 33 41 30 52 30 52 31
61 31 61 30 32 30
34 30 34 31 59 31 59 32
33 32 40 32 40 33
37 33 37 32 34 32
37 30 55 30 55 32
59 47 48 47 48 48 41 48
32 49 32 48 51 48 51 46
51 46 53 46 53 48
50 46 61 46 61 47
38 49 52 49 52 47 61 47
44 46 47 46 47 48
37 49 37 46 45 46
40 47 37 47 37 49
33 46 38 46 38 47
55 49 55 46 47 46
63 47 63 46 58 46
17 10 15 10 15 12
17 2 14 2 14 6
14 17 14 8 15 8 15 6
15 2 15 9 16 9 16 14
17 1 14 1 14 8
15 3 15 23 17 23 17 24
17 10 17 6 15 6
16 23 16 24 15 24
14 2 17 2 17 14
16 21 16 19 17 19 17 0
15 29 15 43 17 43
14 45 14 44 16 44 16 32
15 35 15 34 14 34 14 32
17 47 17 36 16 36
15 25 18 25 18 43 17 43
15 40 14 40 14 27 16 27
16 29 16 21 17 21 17 17
16 40 18 40 18 19 17 19
17 46 17 33 14 33
17 24 17 23 15 23
16 33 16 27 14 27
17 45 17 36 15 36
16 59 15 59 15 36 14 36
15 59 15 35 16 35
14 36 15 36 15 39
17 44 18 44 18 59 15 59
14 55 14 44 16 44
14 41 14 37 17 37
16 58 16 39 15 39
17 34 15 34 15 51
16 42 14 42 14 45
14 63 14 52 15 52
31 28 31 23 32 23
32 5 30 5 30 22 31 22
31 3 31 4 33 4 33 25
30 1 30 4 32 4 32 7
31 24 31 10 30 10
33 8 33 7 30 7
33 25 33 2 30 2
33 6 31 6 31 14
30 22 30 16 32 16
33 12 30 12 30 16
32 19 32 0 31 0
31 39 31 21 32 21
33 42 33 33 31 33
31 27 31 16 32 16
33 41 33 18 30 18
31 35 32 35 32 40
33 42 33 33 30 33
31 34 31 30 30 30
33 18 31 18 31 21
33 20 32 20 32 22
32 31 30 31 30 43
32 31 33 31 33 39
30 42 30 50 32 50 32 52
31 32 33 32 33 46
33 55 33 54 30 54
31 33 33 33 33 49
31 37 31 35 33 35
31 47 33 47 33 48
32 34 31 34 31 58
33 58 30 58 30 37
32 38 33 38 33 57
30 58 30 42 31 42
46 27 46 20 49 20 49 18
48 26 48 2 49 2
47 23 47 16 46 16
47 9 48 9 48 28
49 14 48 14 48 18
46 8 45 8 45 13 47 13
46 24 46 12 48 12
47 8 49 8 49 20
49 21 48 21 48 23
46 5 49 5 49 12
49 13 48 13 48 31
47 17 47 41 48 41
47 16 49 16 49 21
46 21 46 17 47 17
47 31 48 31 48 32
49 46 49 42 47 42 47 34
46 45 46 34 49 34
46 43 46 29 47 29
48 36 49 36 49 38
46 32 46 16 49 16
49 21 46 21 46 44
47 41 46 41 46 57
47 46 49 46 49 59
48 60 48 59 46 59 46 38
47 42 46 42 46 54
46 47 46 43 49 43
47 55 47 33 46 33
49 39 47 39 47 44
49 54 47 54 47 57
47 49 49 49 49 59
46 46 46 45 47 45 47 33
