1024 1024
4
745
21 217 21 162 111 162 111 164
242 169 242 132 154 132 154 134
247 141 247 4 58 4 58 6
166 205 166 45 227 45 227 47
129 167 129 206 191 206 191 239
233 166 233 165 41 165 41 164
50 99 50 84 119 84 119 86
155 47 130 47 130 176 110 176
8 222 8 220 84 220 84 250
135 239 135 207 128 207 128 127
124 186 124 33 133 33 133 35
136 105 136 7 82 7 82 9
16 17 16 251 248 251 248 250
183 34 183 32 158 32 158 233
133 21 133 19 64 19 64 32
68 174 131 174 131 76 209 76
140 37 140 22 70 22 70 20
20 199 20 145 147 145
129 24 141 24 141 9 180 9
129 6 129 5 18 5 18 146
23 11 140 11 140 206
45 42 45 40 184 40 184 178
63 248 63 240 211 240 211 132
166 164 208 164 208 51
201 23 120 23 120 222 71 222
222 218 109 218 109 95 111 95
242 35 228 35 228 116 105 116
41 123 41 62 6 62 6 64
134 146 134 147 14 147 14 179
188 198 188 241 102 241 102 251
190 57 190 55 127 55 127 101
221 80 221 78 152 78 152 166
103 223 103 69 132 69
185 243 185 207 164 207 164 171
13 287 13 285 63 285 63 393
37 383 37 381 15 381 15 439
142 451 142 338 115 338 115 340
41 367 41 352 19 352 19 354
238 376 238 318 63 318
16 485 16 483 165 483 165 495
106 490 106 452 168 452 168 349
143 339 143 337 116 337 116 412
115 435 115 406 37 406 37 408
51 309 51 394 80 394 80 449
248 451 248 287 21 287 21 289
50 296 50 288 131 288 131 289
160 450 160 436 95 436 95 432
167 261 167 273 159 273
239 327 169 327 169 382 111 382
155 483 27 483 27 270
150 320 150 319 166 319 166 457
117 502 117 363 138 363 138 365
186 416 186 458 142 458 142 492
200 273 200 361 13 361
211 365 211 368 25 368 25 379
114 441 140 441 140 353
0 507 0 503 224 503 224 411
222 507 222 373 169 373
59 336 59 334 62 334 62 433
70 457 42 457 42 256 30 256
105 429 225 429 225 305 237 305
190 506 190 400 154 400 154 402
103 436 13 436 13 473
109 409 109 363 59 363 59 365
149 283 149 281 9 281 9 371
22 434 22 335 232 335 232 337
2 295 73 295 73 496
33 329 33 458 89 458 89 462
54 394 54 303 140 303 140 305
37 286 144 286 144 473 152 473
114 582 114 580 197 580 197 685
179 602 179 686 200 686 200 700
205 734 205 701 111 701 111 694
47 625 47 560 221 560 221 562
186 717 186 702 83 702 83 516
38 545 38 626 58 626 58 688
173 619 173 687 213 687 213 716
4 686 4 688 247 688 247 630
244 700 244 689 35 689 35 680
22 747 22 738 100 738 100 740
201 723 201 721 154 721 154 760
69 631 69 690 42 690 42 767
68 637 68 627 3 627 3 618
158 574 158 572 26 572 26 588
169 752 169 703 24 703 24 685
158 527 158 525 35 525 35 659
204 582 204 718 59 718 59 738
49 671 49 761 198 761 198 762
115 608 115 606 243 606 243 696
215 541 215 537 183 537 183 539
155 699 155 567 133 567 133 569
249 672 249 670 133 670 133 674
144 669 144 609 80 609 80 558
173 627 193 627 193 633
186 764 186 762 91 762 91 747
156 546 156 528 230 528 230 527
130 729 130 719 199 719 199 602
246 638 246 636 117 636 117 657
57 763 57 765 203 765 203 562
155 592 205 592 205 555 213 555
238 549 222 549 222 667 89 667
152 539 152 537 20 537 20 594
23 623 25 623 25 691 62 691
145 548 153 548 153 532 194 532
253 649 253 753 110 753 110 755
8 739 8 577 133 577
222 592 222 593 116 593 116 633
73 932 73 876 142 876 142 878
254 809 254 791 6 791 6 793
61 857 61 855 48 855 48 941
151 996 151 953 62 953 62 955
166 850 166 814 184 814 184 816
192 939 192 933 56 933 56 932
48 889 130 889 130 896
237 1020 237 851 33 851 33 822
160 943 160 924 164 924 164 926
217 939 217 788 183 788 183 790
4 1000 4 944 195 944 195 923
204 770 143 770 143 882 86 882
84 782 84 780 162 780 162 789
185 986 185 945 234 945 234 852
59 874 59 858 65 858 65 823
139 888 139 883 216 883 216 827
28 886 28 884 20 884 20 967
46 810 46 792 203 792 203 790
238 870 238 946 226 946 226 1008
188 852 68 852 68 970
247 857 247 947 132 947 132 977
18 878 18 846 37 846
216 871 133 871 133 868
223 861 223 987 159 987 159 1019
212 947 212 768 195 768 195 770
221 910 221 946 24 946 24 971
245 1018 245 1009 187 1009 187 945
78 768 124 768 124 837
89 768 23 768 23 876
110 828 110 838 186 838
163 831 163 853 170 853 170 898
157 841 157 839 126 839 126 881
252 833 252 988 115 988 115 986
207 907 196 907 196 964 165 964
133 865 118 865 118 979
97 1010 97 971 25 971 25 954
304 38 304 36 352 36 352 108
480 166 480 32 272 32
337 146 337 144 445 144 445 154
272 46 272 81 407 81
417 113 417 42 289 42 289 44
278 229 278 117 433 117 433 119
347 132 347 120 472 120 472 77
413 147 319 147 319 205
441 159 441 152 314 152 314 154
326 74 326 151 442 151
476 119 476 206 305 206 305 237
421 200 421 153 318 153 318 70
313 95 313 78 370 78 370 80
325 35 325 33 455 33 455 160
423 160 423 161 494 161 494 69
307 45 274 45 274 236
461 76 461 19 390 19
406 64 408 64 408 115 426 115
439 219 439 92 352 92
420 158 420 156 418 156 418 221
510 20 481 20 481 67 301 67
311 245 311 222 483 222 483 223
405 209 405 207 292 207 292 200
511 54 511 167 436 167 436 204
387 59 456 59 456 25 479 25
379 137 379 49 396 49 396 51
356 236 371 236 371 8 399 8
395 50 395 52 486 52 486 137
326 19 326 20 460 20 460 126
264 175 264 157 349 157
385 129 385 126 357 126 357 128
439 26 418 26 418 58 332 58
341 43 340 43 340 208
436 224 436 223 259 223 259 24
461 147 461 138 289 138 289 88
453 7 453 5 481 5 481 11
429 393 429 346 291 346 291 348
486 448 477 448 477 359
294 349 287 349 287 320
425 345 425 343 405 343 405 468
429 357 392 357 392 398
361 417 361 415 347 415 347 508
450 435 450 433 449 433 449 457
404 460 430 460 430 321 483 321
342 262 342 260 413 260 413 316
455 379 455 461 420 461 420 493
472 451 472 399 301 399 301 386
284 450 284 448 342 448 342 458
295 479 295 459 344 459 344 400
384 435 384 320 396 320 396 322
358 333 358 331 267 331 267 506
282 494 315 494 315 368
501 472 501 458 428 458 428 444
339 336 397 336 397 300 425 300
275 470 275 317 430 317 430 304
408 260 408 258 506 258 506 447
483 338 431 338 431 355 336 355
261 476 362 476 362 363 421 363
298 432 298 322 357 322 357 324
415 416 415 404 436 404
376 352 334 352 334 460 336 460
433 505 433 473 504 473 504 452
463 422 463 357 500 357 500 359
426 494 426 495 294 495 294 398
320 374 320 337 497 337 497 325
339 407 339 394 432 394 432 381
327 277 437 277 437 486 449 486
437 373 432 373 432 302 378 302
469 458 505 458 505 390 506 390
451 498 451 487 331 487 331 402
408 319 408 318 505 318 505 322
302 288 302 286 464 286 464 366
450 692 450 599 489 599 489 601
356 614 356 612 416 612 416 634
295 647 295 645 303 645 303 668
257 605 257 716 370 716
343 760 343 583 399 583 399 585
323 546 323 544 481 544 481 643
283 548 283 547 433 547 433 571
500 543 500 644 466 644 466 694
467 699 417 699 417 568 271 568
290 688 290 586 434 586 434 585
311 737 311 717 486 717 486 568
319 600 319 598 260 598 260 662
336 660 336 695 480 695 480 694
449 535 449 693 465 693 465 741
456 525 456 743 474 743
479 656 479 654 443 654 443 666
416 755 416 635 444 635 444 592
421 518 418 518 418 646 391 646
492 703 492 578 453 578 453 580
452 604 452 598 404 598 404 600
316 552 316 550 270 550 270 765
319 735 482 735 482 519 483 519
492 701 495 701 495 715
333 682 333 696 358 696 358 749
413 546 413 548 317 548 317 578
296 708 294 708 294 532 456 532
388 654 388 615 344 615 344 584
490 749 490 548 416 548 416 550
277 686 277 595 291 595 291 597
397 518 397 516 348 516 348 634
451 587 451 527 325 527 325 529
501 683 510 683 510 658
462 572 462 570 468 570 468 758
256 669 256 663 267 663 267 644
299 611 299 533 460 533
336 620 336 612 315 612 315 614
350 955 350 867 424 867 424 869
279 802 279 800 296 800 296 867
359 825 359 785 344 785 344 787
312 1003 312 956 481 956 481 884
447 983 447 858 372 858 372 860
482 1017 482 836 391 836 391 838
453 924 453 816 406 816 406 818
471 1020 471 984 332 984 332 822
439 1012 439 973 411 973 411 975
278 963 306 963 306 894
509 906 509 819 401 819 401 821
373 882 373 822 425 822 425 821
329 797 329 795 401 795 401 812
278 793 276 793 276 988 370 988
437 776 437 774 270 774 270 909
261 858 261 856 451 856 451 956
335 862 335 861 395 861 395 869
289 957 289 813 483 813 483 798
328 884 328 882 339 882 339 957
486 1020 486 814 498 814 498 816
282 900 282 814 348 814 348 816
413 974 413 976 268 976 268 850
470 794 470 792 479 792 479 987
373 930 373 928 408 928 408 964
256 803 297 803 297 802
481 781 481 779 320 779 320 809
385 916 385 872 486 872
400 985 400 938 408 938
349 1012 349 1013 475 1013 475 1018
450 999 330 999 330 920 332 920
258 812 258 868 372 868 372 887
462 780 462 778 315 778 315 975
303 868 484 868 484 784 497 784
369 817 313 817 313 1011
544 91 544 89 598 89 598 249
755 0 599 0 599 231 598 231
731 80 731 78 681 78 681 195
668 65 668 196 709 196 709 200
693 60 693 58 663 58 663 193
631 102 631 201 753 201 753 219
599 1 589 1 589 136
571 64 571 62 590 62 590 91
667 164 667 140 596 140 596 142
676 170 676 126 629 126 629 128
762 30 732 30 732 150 579 150
607 8 607 6 533 6 533 68
758 214 758 90 699 90 699 92
711 150 711 151 691 151 691 201
739 59 739 33 516 33 516 35
649 95 649 43 702 43 702 45
691 76 691 93 722 93
705 82 600 82 600 223 599 223
661 237 661 232 575 232 575 157
588 84 588 64 737 64 737 66
554 156 554 238 670 238 670 242
562 81 562 20 699 20 699 22
653 191 653 151 569 151 569 22
542 248 542 209 580 209
580 22 580 7 558 7 558 6
616 133 616 202 741 202 741 253
626 36 626 96 666 96 666 191
632 123 632 121 513 121 513 163
535 160 535 97 661 97 661 73
753 80 753 98 607 98 607 126
527 153 527 44 661 44 661 45
657 217 657 215 766 215 766 213
751 44 751 81 731 81 731 87
705 340 705 338 547 338 547 485
750 482 606 482 606 361
740 257 740 341 640 341 640 388
662 457 662 455 629 455 629 486
553 500 553 487 757 487 757 450
649 290 649 288 595 288 595 354
544 296 593 296 593 332
516 424 516 422 765 422 765 453
764 288 764 488 682 488 682 490
515 264 515 486 595 486 595 487
521 467 521 413 619 413 619 415
668 480 668 451 645 451 645 453
724 378 724 347 647 347 647 349
668 474 669 474 669 444 703 444
515 272 516 272 516 263 520 263
696 261 696 259 716 259 716 436
550 374 550 333 670 333 670 297
639 497 639 488 528 488 528 392
708 379 708 355 552 355 552 353
603 429 548 429 548 304 550 304
552 430 552 454 653 454 653 452
648 333 648 334 641 334 641 395
605 393 605 291 658 291 658 278
655 350 655 348 714 348 714 437
725 361 725 338 734 338 734 340
602 494 602 438 732 438 732 287
617 260 617 389 640 389 640 452
690 422 690 439 756 439 756 474
596 386 596 396 670 396 670 477
719 287 719 292 616 292 616 300
681 507 681 483 578 483 578 312
601 269 601 302 749 302
630 459 630 457 642 457 642 464
697 351 750 351 750 290 751 290
611 367 735 367 735 277 742 277
534 475 534 440 751 440 751 362
605 398 605 397 583 397 583 300
688 600 688 683 598 683
667 654 667 652 516 652 516 680
635 563 635 561 542 561 542 582
693 750 693 530 767 530 767 532
734 545 734 564 632 564 632 589
520 653 520 684 611 684 611 739
637 718 576 718 576 523
533 620 533 618 696 618 696 709
708 527 708 525 624 525 624 607
669 629 669 621 519 621 519 537
680 549 680 547 607 547 607 605
532 607 532 740 626 740 626 754
640 746 575 746 575 648
631 675 631 755 619 755 619 756
625 683 689 683 689 646 767 646
535 696 535 719 588 719 588 732
711 700 711 610 571 610 571 612
561 579 561 613 637 613 637 729
616 733 616 634 567 634 567 636
572 681 572 679 622 679 622 700
659 686 659 608 581 608 581 522
593 688 593 701 767 701 767 706
604 766 604 702 584 702 584 627
694 660 694 635 591 635 591 637
593 651 593 640 738 640 738 642
718 607 718 590 604 590 604 566
572 659 572 630 691 630 691 632
572 545 572 543 565 543 565 719
719 634 719 542 729 542 729 544
554 728 554 730 738 730 738 646
727 555 727 553 762 553 762 653
703 585 703 526 523 526 523 528
724 749 657 749 657 674 659 674
588 751 729 751 729 649
642 652 642 650 513 650 513 702
566 909 566 907 637 907 637 944
614 925 638 925 638 831 731 831
640 865 640 863 534 863 534 939
603 931 603 929 618 929 618 933
686 891 639 891 639 923 633 923
526 796 526 794 744 794 744 1021
757 881 687 881 687 897 639 897
626 829 626 827 558 827 558 937
714 939 714 814 601 814 601 816
585 820 585 926 623 926 623 969
662 901 628 901 628 1009
553 990 553 981 662 981 662 983
601 784 601 782 627 782 627 871
556 859 556 799 612 799 612 801
716 995 688 995 688 830 674 830
544 976 544 996 743 996 743 1002
636 833 636 872 539 872 539 965
629 906 629 777 654 777 654 779
528 770 528 768 765 768 765 825
736 915 736 824 528 824 528 826
675 899 675 898 673 898 673 975
734 774 734 772 752 772 752 938
745 914 745 873 522 873 522 867
720 1012 720 832 735 832 735 785
527 932 527 927 647 927 647 922
562 914 562 818 682 818 682 820
655 995 655 970 532 970 532 803
755 846 746 846 746 887 710 887
752 918 753 918 753 1014 597 1014
646 768 646 793 735 793
745 1001 745 951 636 951 636 953
734 859 715 859 715 1005
767 850 756 850 756 817 647 817
817 101 817 18 884 18 884 20
889 151 889 149 776 149 776 200
861 127 861 125 952 125 952 243
980 174 980 172 890 172 890 212
909 147 953 147 953 119 957 119
783 119 783 104 853 104 853 106
834 66 854 66 854 148 873 148
970 154 888 154 888 251
1023 236 1023 118 784 118 784 120
899 24 899 152 832 152 832 225
919 248 981 248 981 107 980 107
934 78 934 52 832 52
993 253 993 244 939 244 939 240
884 0 885 0 885 182 858 182
834 195 833 195 833 12 842 12
861 195 774 195 774 92 776 92
943 24 943 22 981 22 981 51
816 21 816 19 788 19 788 199
782 232 782 200 818 200 818 180
823 114 935 114 935 24 1000 24
880 147 777 147 777 228
915 99 915 97 923 97 923 214
807 229 807 132 994 132
936 234 982 234 982 88 993 88
770 182 770 48 907 48 907 50
971 159 971 157 1017 157 1017 217
903 44 908 44 908 190 910 190
926 118 926 12 983 12 983 14
778 224 1011 224 1011 157
835 142 835 107 883 107 883 106
883 86 936 86 936 28 1007 28
832 208 884 208 884 67
1023 373 1023 371 849 371 849 414
879 299 879 297 805 297 805 411
953 484 953 415 825 415 825 303
955 328 823 328 823 411 825 411
827 471 827 455 990 455 990 457
842 329 828 329 828 416
824 344 956 344 956 264 993 264
972 292 972 345 910 345 910 459
921 479 880 479 880 264 873 264
778 399 778 417 931 417 931 451
883 477 883 460 1011 460 1011 302
805 300 969 300 969 352
771 423 771 334 809 334
1008 357 1008 294 1006 294 1006 296
958 463 958 461 816 461 816 394
1011 446 954 446 954 397 854 397
926 447 926 422 917 422 917 424
846 313 846 416 876 416 876 449
790 351 790 353 1007 353 1007 315
907 440 907 398 923 398 923 399
864 452 989 452 989 336
809 459 809 480 889 480 889 487
923 425 882 425 882 398
872 456 872 453 795 453 795 262
903 433 903 462 942 462 942 470
1002 282 1002 254 919 254 919 256
889 391 889 259 827 259 827 261
831 470 831 415 916 415
922 369 922 367 1008 367 1008 451
828 361 826 361 826 471 939 471
786 285 786 301 870 301 870 378
997 385 997 370 896 370 896 364
818 303 818 282 834 282 834 284
841 474 810 474 810 451 796 451
865 343 865 392 968 392 968 416
813 348 813 418 832 418 832 455
816 651 816 649 777 649 777 665
822 737 822 593 939 593 939 595
839 550 839 548 824 548 824 712
934 676 934 674 1019 674 1019 725
999 535 999 533 799 533 799 705
820 738 820 652 802 652 802 651
938 706 938 596 953 596 953 518
770 640 770 560 979 560 979 562
779 732 821 732 821 577 971 577
957 631 957 514 916 514 916 516
925 716 925 632 973 632 973 579
881 712 881 598 793 598 793 600
991 568 991 529 793 529 793 531
794 571 794 569 927 569 927 708
1021 600 1021 510 970 510 970 512
984 669 984 739 818 739 818 740
889 766 817 766 817 567 805 567
885 698 885 530 827 530
902 520 902 713 853 713 853 759
976 622 976 633 847 633 847 688
934 616 963 616 963 704
931 610 931 608 900 608 900 673
954 590 954 611 929 611 929 659
1003 723 1003 717 887 717 887 613
977 668 977 580 924 580 924 582
854 727 854 725 856 725 856 733
992 686 992 684 980 684 980 688
796 548 864 548 864 707
908 548 908 546 899 546 899 560
902 520 902 518 977 518 977 577
854 626 978 626 978 578 980 578
837 587 928 587 928 535 935 535
999 579 999 572 861 572 861 574
794 694 794 692 795 692 795 762
868 751 868 640 939 640
779 835 779 815 928 815
967 976 967 973 950 973 950 975
929 1015 929 785 805 785 805 787
971 871 971 788 856 788 856 790
782 879 782 872 1021 872 1021 849
973 827 973 873 876 873 876 899
854 870 854 836 999 836 999 838
785 871 857 871 857 797
939 1017 939 1016 844 1016 844 882
969 770 969 768 833 768 833 874
1017 870 1017 874 893 874 893 964
974 982 974 980 986 980 986 988
837 984 837 875 814 875 814 786
787 922 787 874 917 874
768 892 768 784 944 784 944 786
996 777 974 777 974 911 815 911
771 891 771 889 769 889 769 972
894 834 894 832 823 832 823 887
936 948 936 900 828 900 828 886
906 790 906 791 851 791 851 976
1006 897 1006 768 994 768 994 770
795 888 795 793 876 793 876 795
1012 796 1012 977 813 977 813 984
805 860 805 806 871 806 871 808
984 872 984 852 1013 852 1013 854
938 812 938 851 973 851
992 777 975 777 975 875 969 875
800 796 800 780 827 780 827 782
925 797 784 797 784 952
917 892 917 890 980 890 980 906
920 769 920 835 866 835 866 958
862 970 862 965 998 965 998 822
818 987 818 985 908 985 908 989
345 261 345 263 232 263 232 266
249 264 249 255 387 255 387 257
142 254 142 252 179 252 179 263
108 250 43 250 43 259 30 259
203 262 203 260 65 260 65 264
373 266 373 265 247 265 247 252
469 245 469 253 55 253 55 252
263 259 204 259 204 266 187 266
294 253 294 254 304 254 304 260
161 265 161 256 263 256 263 257
506 248 249 248 249 251 212 251
243 499 243 508 191 508 191 509
231 521 231 519 287 519 287 524
228 519 228 510 92 510 92 511
433 499 277 499 277 515
121 513 121 522 278 522
124 505 124 504 56 504 56 522
151 515 151 511 445 511 445 505
319 520 319 513 318 513 318 515
201 520 201 521 476 521
490 510 490 509 55 509 55 503
148 771 148 766 39 766 39 767
497 780 497 769 203 769 203 770
98 780 98 767 189 767 189 755
380 780 380 766 260 766 260 764
159 772 159 759 348 759
117 756 381 756 381 766 475 766
470 774 470 777 332 777 332 778
147 761 147 770 161 770
489 778 489 771 352 771
446 780 446 781 301 781 301 777
87 758 149 758 149 776 186 776
703 248 703 246 735 246 735 249
361 256 376 256 376 258
457 256 457 254 606 254 606 243
370 251 370 250 728 250 728 265
609 266 609 252 263 252 263 243
705 261 705 255 607 255 607 257
694 266 694 267 417 267 417 265
281 245 281 246 407 246 407 256
354 257 354 259 694 259 694 243
655 262 655 260 676 260 676 259
698 502 491 502 491 509 416 509
635 510 635 508 595 508 595 519
451 519 451 511 584 511 584 512
258 502 258 501 729 501 729 513
720 510 720 513 501 513 501 517
762 503 762 500 402 500 402 502
421 502 421 503 394 503 394 499
529 524 484 524 484 508 418 508
486 517 486 504 349 504
580 499 580 498 739 498 739 518
556 763 498 763 498 772 454 772
260 755 260 753 299 753 299 762
408 756 408 759 610 759 610 777
493 756 493 763 299 763 299 765
487 761 487 760 619 760 619 765
450 757 450 761 332 761 332 760
403 776 403 775 585 775 585 778
401 761 401 762 519 762 519 766
635 763 635 767 280 767 280 768
624 766 624 753 486 753 486 755
584 266 890 266 890 245 907 245
998 250 986 250 986 264
755 264 755 252 904 252 904 253
674 264 994 264 994 258 1005 258
607 243 607 241 827 241 827 259
571 257 571 256 820 256 820 258
565 252 565 251 662 251 662 243
685 257 821 257 821 253 868 253
704 263 704 257 1015 257
919 266 919 265 1015 265
895 505 895 503 784 503 784 508
952 512 952 513 1018 513
567 521 567 503 626 503 626 500
661 518 661 519 803 519 803 507
860 506 999 506 999 509
931 505 931 504 848 504 848 522
539 505 539 517 836 517
1006 522 1006 515 603 515 603 504
921 512 921 510 776 510 776 518
615 517 615 516 904 516 904 515
1018 774 1018 767 760 767 760 762
686 779 686 764 539 764
537 769 657 769 657 780
1020 767 1020 771 600 771 600 772
899 770 899 765 993 765 993 767
672 771 672 775 747 775 747 774
599 768 599 778 626 778 626 780
965 771 965 769 956 769 956 768
668 759 668 757 638 757 638 767
742 755 568 755 568 779
838 766 838 764 829 764 829 779
261 309 261 307 255 307 255 475
243 476 243 142 258 142 258 101
263 134 263 176 267 176 267 261
252 21 252 7 251 7 251 9
257 137 257 132 254 132 254 134
264 496 264 415 268 415 268 417
267 109 267 143 254 143 254 241
265 42 265 40 251 40 251 320
244 131 244 116 266 116 266 118
266 406 260 406 260 29
264 44 250 44 250 428 251 428
250 638 250 636 252 636 252 709
248 391 246 391 246 626 264 626
245 733 245 689 248 689 248 528
247 649 257 649 257 458
248 585 249 585 249 527 258 527
252 636 253 636 253 464
246 641 244 641 244 431 248 431
245 755 245 734 263 734 263 428
246 659 250 659 250 762 262 762
255 291 254 291 254 549 257 549
249 1011 249 673 251 673 251 620
247 598 247 513 261 513 261 515
258 533 258 757 243 757 243 951
257 637 255 637 255 897 267 897
253 1023 253 877 268 877
247 860 248 860 248 865 249 865
250 730 254 730 254 561 253 561
250 975 259 975 259 559 258 559
252 959 256 959 256 637 267 637
266 930 266 599 245 599 245 593
504 8 504 6 510 6 510 170
510 313 510 344 517 344
509 401 509 323 499 323 499 324
501 136 501 134 507 134 507 332
507 387 508 387 508 257 502 257
507 121 512 121 512 374 511 374
516 321 511 321 511 183 506 183
503 476 503 474 505 474 505 495
508 38 508 36 518 36 518 318
502 189 513 189 513 327 515 327
507 445 514 445 514 192 513 192
521 269 502 269 502 609 500 609
513 376 513 425 524 425 524 463
516 397 516 380 523 380 523 382
514 411 512 411 512 757 521 757
515 303 520 303 520 560 523 560
499 536 499 645 512 645
510 726 523 726 523 620
517 404 517 345 522 345 522 320
522 552 522 503 504 503 504 504
503 441 503 448 518 448 518 477
513 684 511 684 511 327 504 327
518 849 518 813 517 813 517 815
504 660 504 758 513 758 513 784
505 1015 505 1004 524 1004 524 1006
506 841 519 841 519 788
507 804 505 804 505 811
503 988 503 986 519 986 519 995
507 811 508 811 508 534 516 534
513 983 513 981 505 981 505 991
517 894 517 907 502 907 502 938
518 855 517 855 517 557 519 557
774 27 767 27 767 235 760 235
756 453 758 453 758 449 776 449
774 416 774 418 780 418 780 477
760 449 768 449 768 176
773 173 759 173 759 295
773 282 766 282 766 478 765 478
776 506 767 506 767 384 766 384
761 30 761 86 767 86
774 383 774 213 770 213 770 215
759 438 769 438 769 325 773 325
775 546 780 546 780 311
773 651 773 359 766 359
775 431 774 431 774 736 776 736
768 422 768 505 760 505
780 649 780 547 762 547 762 438
762 259 762 296 755 296 755 580
761 538 763 538 763 351 765 351
762 337 774 337 774 641
761 524 759 524 759 440 762 440
756 675 756 654 775 654 775 578
759 577 769 577 769 871 777 871
775 936 766 936 766 744 763 744
767 839 767 845 766 845
774 560 774 567 757 567
779 883 779 881 763 881 763 891
779 535 771 535 771 852
758 864 758 756 768 756 768 758
763 810 777 810 777 572
770 625 757 625 757 678 756 678
774 659 768 659 768 631 767 631
