1024 1024
8
593
180 128 92 128 92 170
31 139 31 171 179 171 179 193
13 253 13 206 28 206
229 13 229 9 30 9 30 95
205 52 205 50 235 50 235 237
250 213 250 84 116 84 116 88
6 251 6 96 237 96 237 99
111 162 111 35 146 35
34 238 34 61 205 61 205 65
121 128 121 124 2 124 2 134
31 340 31 296 99 296 99 300
115 450 115 419 250 419 250 423
173 487 173 382 162 382 162 386
91 506 91 339 136 339 136 343
231 492 231 414 198 414 198 394
126 489 126 360 172 360 172 364
183 494 183 307 229 307 229 311
240 363 240 269 181 269 181 271
191 281 191 301 60 301 60 306
219 310 219 308 218 308 218 393
124 523 124 630 121 630
148 720 148 704 93 704 93 640
150 743 150 635 254 635 254 639
148 618 148 631 54 631 54 642
79 622 94 622 94 698 114 698
35 642 35 572 121 572
190 684 190 707 24 707 24 756
134 673 134 665 17 665 17 514
172 650 172 573 120 573 120 576
90 725 90 752 192 752
189 702 115 702 115 593 112 593
166 979 166 912 119 912 119 788
69 817 56 817 56 967
171 884 171 852 133 852 133 855
140 889 173 889 173 813 221 813
139 991 139 990 218 990 218 789
87 794 87 812 112 812
219 864 233 864 233 921
208 826 208 822 194 822 194 887
13 825 13 840 139 840 139 851
107 963 26 963 26 790
416 109 450 109 450 25 452 25
330 242 330 77 420 77 420 41
460 186 460 220 384 220 384 230
298 172 298 138 449 138
406 91 347 91 347 208
285 210 465 210 465 86 478 86
349 49 449 49 449 33
331 215 331 211 345 211 345 235
324 29 324 142 261 142
271 169 271 216 439 216 439 219
311 450 311 480 397 480 397 484
387 280 387 278 378 278 378 478
371 330 372 330 372 325 507 325
296 338 296 334 418 334 418 345
275 451 275 447 421 447 421 491
284 400 284 310 303 310 303 314
405 446 329 446 329 319
373 293 373 363 418 363 418 429
487 304 487 300 401 300 401 362
328 267 328 443 329 443
341 324 255 324 255 382 256 382
418 727 414 727 414 614 426 614
380 661 380 524 386 524 386 525
452 700 452 640 418 640 418 642
262 737 262 728 504 728 504 555
388 677 388 674 274 674 274 692
310 636 310 573 508 573 508 577
453 695 406 695 406 522
439 532 439 545 416 545 416 601
492 586 492 582 447 582 447 616
479 578 445 578 445 676 373 676
280 806 280 989 260 989 260 1017
286 815 381 815 381 963
321 817 321 813 505 813 505 958
301 826 387 826 387 996
465 909 411 909 411 997
302 1013 302 888 465 888
436 826 436 998 344 998 344 1014
431 1020 431 1003 501 1003 501 967
290 1017 290 833 449 833
297 830 297 826 260 826 260 874
766 40 766 36 669 36 669 56
684 130 684 64 521 64 521 57
541 239 541 31 615 31 615 18
704 224 704 220 711 220 711 250
568 189 568 57 682 57 682 52
690 113 690 131 598 131 598 172
562 151 562 132 725 132 725 113
668 63 668 59 737 59 737 154
616 126 691 126 691 20 722 20
512 220 589 220 589 30
693 304 693 300 651 300 651 405
759 390 754 390 754 437 717 437
560 257 600 257 600 417 615 417
599 275 599 482 724 482 724 495
744 325 744 292 651 292 651 296
550 293 550 418 656 418 656 420
759 420 759 467 677 467
753 451 753 438 670 438 670 422
755 298 571 298 571 491
688 264 668 264 668 480 672 480
521 263 521 259 641 259 641 353
597 592 597 667 515 667 515 666
731 555 700 555 700 512 704 512
699 613 699 603 759 603 759 607
522 715 522 711 593 711 593 717
617 759 704 759 704 659
563 683 563 567 579 567 579 571
587 547 587 543 581 543 581 595
677 678 677 674 622 674 622 762
758 625 740 625 740 721 661 721
669 597 669 593 721 593 721 600
698 712 698 704 696 704 696 708
521 913 521 784 765 784 765 768
594 912 594 908 563 908 563 1021
724 879 724 1015 585 1015
692 924 692 906 668 906 668 858
522 919 522 887 592 887 592 891
556 801 556 797 536 797 536 897
754 881 754 944 572 944 572 954
553 768 553 765 590 765 590 818
658 843 658 892 562 892 562 996
731 870 727 870 727 943 737 943
725 810 725 811 679 811 679 905
835 227 835 218 976 218
819 76 819 84 774 84
868 136 868 154 838 154 838 213
964 0 1022 0 1022 196
846 48 846 44 854 44 854 153
867 58 867 54 885 54 885 201
796 36 796 32 926 32 926 70
971 39 971 15 781 15
778 221 823 221 823 61 1001 61
809 240 912 240 912 142 913 142
983 355 983 471 828 471
866 256 866 266 806 266 806 402
855 447 855 423 1013 423 1013 401
820 446 820 341 941 341 941 345
860 500 804 500 804 387
769 307 776 307 776 478 909 478
797 458 797 265 776 265 776 269
859 406 859 376 901 376 901 306
1017 449 805 449 805 347 778 347
961 304 1005 304 1005 280 1006 280
995 682 995 674 804 674
855 637 1022 637 1022 587
929 642 929 725 844 725
783 555 783 638 1010 638 1010 730
819 767 821 767 821 713
900 616 900 577 962 577 962 581
882 542 882 538 774 538 774 674
780 543 912 543 912 751 913 751
969 693 969 540 913 540 913 544
818 656 818 654 876 654 876 724
786 696 937 696 937 545
923 1019 923 1015 790 1015 790 922
817 991 817 990 798 990 798 921
930 867 929 867 929 960 779 960
873 941 873 900 972 900 972 904
830 955 849 955 849 1012
845 882 845 881 806 881 806 989
990 1018 990 1010 1007 1010 1007 918
931 784 931 821 890 821 890 830
780 912 780 862 984 862 984 829
880 1014 880 998 982 998 982 786
857 993 978 993 978 963
158 268 158 259 204 259 204 262
413 249 413 244 166 244 166 248
487 266 487 254 493 254 493 258
114 248 114 262 389 262
253 256 253 249 399 249 399 251
156 255 156 257 254 257 254 245
418 267 418 246 492 246 492 250
226 252 226 241 17 241 17 245
506 248 506 251 473 251 473 264
158 253 158 249 166 249 166 258
147 505 147 508 118 508 118 522
235 516 235 496 20 496 20 500
136 505 136 507 75 507 75 513
221 517 221 516 176 516 176 502
377 503 245 503 245 513 120 513
274 522 148 522 148 503 103 503
10 506 10 520 364 520
394 522 394 516 324 516 324 504
485 510 485 506 476 506 476 513
112 522 112 518 358 518 358 517
470 513 470 519 179 519 179 517
355 778 342 778 342 757 297 757
502 778 502 777 8 777 8 764
283 771 283 757 115 757
96 779 96 772 427 772 427 761
105 763 105 771 437 771 437 779
120 775 120 755 308 755
506 760 506 756 474 756 474 774
250 769 250 763 357 763 357 766
12 768 12 776 339 776 339 779
322 755 322 753 107 753 107 760
478 251 478 254 433 254
297 250 364 250 364 262
310 243 573 243 573 249
357 266 357 268 453 268 453 261
540 249 540 248 678 248 678 251
735 260 735 264 694 264 694 265
599 263 642 263 642 250 689 250
291 257 291 253 515 253 515 259
396 243 396 239 517 239 517 254
309 246 400 246 400 265 634 265
440 501 440 497 518 497 518 502
763 507 763 511 533 511 533 520
600 505 600 504 341 504 341 509
374 500 374 505 435 505 435 522
372 499 372 495 338 495 338 502
361 515 361 507 527 507 527 501
345 514 345 510 339 510 339 523
575 508 421 508 421 524 364 524
758 519 753 519 753 502
549 501 512 501 512 520 359 520
710 507 710 503 729 503 729 510
396 763 396 754 756 754 756 755
446 756 446 752 348 752 348 758
646 763 646 775 364 775 364 774
461 778 461 757 395 757 395 760
419 773 419 780 643 780 643 776
371 779 438 779 438 755 570 755
731 779 731 764 576 764
657 776 340 776 340 761 279 761
745 774 745 768 272 768 272 771
386 767 386 753 443 753 443 755
486 772 486 773 596 773
991 268 991 247 513 247 513 250
708 256 708 257 725 257 725 263
849 252 849 254 532 254 532 256
911 248 911 256 667 256 667 258
706 244 741 244 741 264 758 264
713 253 713 249 847 249 847 265
601 263 540 263 540 266
684 255 690 255 690 248 735 248
785 248 748 248 748 263
961 243 961 247 585 247
851 499 851 514 717 514 717 517
685 507 685 503 679 503 679 510
605 503 605 502 834 502 834 522
678 502 678 499 773 499 773 520
796 508 796 513 659 513 659 517
572 520 602 520 602 503 733 503
890 518 890 521 746 521 746 501
542 507 542 498 938 498 938 502
666 505 666 523 863 523 863 524
520 515 747 515 747 518
557 773 557 769 541 769 541 771
791 775 741 775 741 777
884 766 884 768 772 768 772 756
958 774 933 774 933 760 659 760
791 761 791 756 945 756 945 760
966 770 966 765 684 765 684 769
642 770 642 763 582 763 582 760
734 777 734 772 512 772 512 768
702 756 702 755 724 755 724 757
766 780 766 763 670 763 670 759
666 766 907 766 907 779
251 491 251 54 246 54 246 58
257 248 257 187 266 187 266 191
267 63 267 259 259 259 259 408
259 459 255 459 255 386
245 488 245 450 253 450 253 454
267 15 245 15 245 344 246 344
266 8 256 8 256 257 252 257
265 258 243 258 243 191
251 136 252 136 252 317
263 348 263 134 264 134 264 138
254 341 254 460 261 460 261 565
253 492 244 492 244 264
253 492 255 492 255 593 254 593
256 327 256 349 263 349 263 601
244 507 244 738 262 738 262 743
245 617 245 622 251 622 251 679
256 696 256 622 268 622 268 292
259 759 265 759 265 407 262 407
261 604 261 567 252 567 252 334
262 447 262 606 248 606 248 621
243 702 243 698 267 698 267 733
262 801 262 797 257 797 257 840
263 960 239 960 239 695 243 695
259 736 259 732 255 732 255 1000
258 898 260 898 260 987 253 987
256 705 256 701 254 701 254 773
263 907 240 907 240 567 244 567
251 756 267 756 267 1023
264 988 251 988 251 970
266 692 257 692 257 587 256 587
514 258 514 264 523 264 523 299
506 140 508 140 508 483 522 483
503 234 518 234 518 375 516 375
524 146 524 434 508 434
522 295 522 266 512 266 512 270
500 206 500 233 524 233
509 139 509 90 523 90 523 94
503 49 499 49 499 490 516 490
512 375 512 404 524 404
511 36 511 95 523 95 523 186
514 306 514 329 510 329 510 663
516 488 506 488 506 328 510 328
504 447 504 389 520 389
515 318 515 267 516 267
521 397 521 337 509 337 509 341
519 660 519 489 504 489 504 472
506 541 495 541 495 462 499 462
522 662 522 666 517 666
499 530 516 530 516 762 519 762
512 562 512 674 504 674
511 802 508 802 508 613 509 613
500 747 500 739 507 739 507 727
499 595 515 595 515 713 520 713
518 789 504 789 504 519
508 636 513 636 513 959 512 959
518 870 518 837 508 837 508 841
509 715 509 740 507 740 507 898
513 974 513 960 499 960 499 752
500 791 500 956 512 956
515 757 514 757 514 605 509 605
773 392 773 391 756 391 756 429
764 88 756 88 756 300 758 300
773 64 773 227 769 227 769 233
772 226 772 437 766 437
758 49 758 45 770 45 770 111
759 115 759 112 775 112 775 507
770 252 762 252 762 390 756 390
774 98 774 393 773 393 773 447
769 348 769 344 765 344 765 377
765 405 765 448 779 448 779 460
769 438 760 438 760 283 758 283
774 533 774 412 775 412
777 495 779 495 779 524
765 636 768 636 768 556 772 556
768 547 762 547 762 740 766 740
758 484 760 484 760 613 757 613
763 584 763 637 765 637 765 742
757 486 757 482 765 482 765 550
773 539 762 539 762 263
775 705 771 705 771 457 763 457
761 981 761 924 756 924 756 928
767 525 761 525 761 661 763 661
760 774 760 614 755 614 755 535
757 516 757 517 769 517 769 540
769 590 770 590 770 516 763 516
779 817 779 801 776 801 776 805
763 936 767 936 767 564 765 564
773 543 773 625 758 625
755 966 755 866 776 866 776 870
778 819 766 819 766 774
758 665 758 742 763 742 763 782
902 810 902 493 443 493 443 468
821 960 817 960 817 102 478 102
865 771 865 781 216 781 216 777
89 268 85 268 85 120 342 120
497 455 497 444 108 444 108 439
984 978 985 978 985 268 907 268
973 145 973 99 837 99 837 103
431 83 431 79 260 79 260 309
894 704 894 697 777 697 777 691
640 231 640 229 793 229 793 481
1003 1009 1003 71 234 71 234 68
254 576 254 577 189 577 189 751
7 297 3 297 3 992 167 992
252 50 252 100 236 100 236 201
195 49 270 49 270 627 304 627
133 565 936 565 936 3
245 690 245 790 694 790 694 885
921 463 921 820 342 820 342 900
448 576 446 576 446 702 969 702
129 134 129 130 430 130 430 136
431 597 104 597 104 683
647 340 647 476 885 476 885 842
390 165 422 165 422 523 445 523
730 358 530 358 530 975 526 975
24 196 21 196 21 945 836 945
659 154 659 155 822 155 822 83
731 767 735 767 735 860 786 860
901 192 996 192 996 308
789 77 992 77 992 412
417 853 417 803 230 803 230 807
1018 676 1018 725 306 725
10 832 7 832 7 34 676 34
4 489 970 489 970 663 979 663
643 777 643 421 747 421 747 350
520 509 520 494 186 494 186 397
701 159 706 159 706 466
236 674 236 672 878 672 878 653
503 84 503 456 437 456 437 497
760 743 198 743 198 770
552 875 552 821 804 821 804 556
340 760 209 760 209 983 196 983
513 943 496 943 496 10 310 10
428 496 428 110 407 110 407 105
655 89 601 89 601 891 571 891
763 425 763 242 521 242
509 958 534 958 534 246 740 246
677 938 1014 938 1014 205 1016 205
789 797 778 797 778 105 762 105
533 958 531 958 531 22 65 22
877 375 877 277 32 277 32 281
871 440 871 492 386 492 386 503
529 957 528 957 528 269 370 269
358 891 468 891 468 867 511 867
825 227 825 225 89 225 89 479
142 82 535 82 535 931 684 931
879 422 879 384 13 384 13 388
356 78 356 209 410 209
453 443 453 305 490 305 490 300
883 876 883 472 803 472 803 388
809 150 809 143 657 143
17 145 17 238 1011 238 1011 843
372 76 294 76 294 514 298 514
158 982 154 982 154 13 422 13
381 435 381 431 401 431 401 737
513 812 513 966 947 966
231 413 231 364 242 364 242 90
266 22 266 23 478 23 478 51
172 112 172 108 195 108 195 189
257 182 257 178 8 178 8 629
258 306 258 302 120 302 120 417
265 542 266 542 266 646 430 646
977 832 977 487 359 487 359 466
620 282 529 282 529 851 408 851
696 650 696 646 941 646 941 962
672 395 672 844 1013 844
507 184 9 184 9 764 10 764
366 18 366 270 370 270 370 625
325 490 325 590 18 590
8 448 5 448 5 985 212 985
256 571 258 571 258 876 427 876
854 835 751 835 751 526 703 526
461 620 461 106 464 106 464 110
1016 453 1015 453 1015 499 954 499
638 964 638 1004 240 1004
983 610 983 479 605 479 605 284
84 560 62 560 62 557
304 633 304 645 472 645 472 669
463 795 478 795 478 989 860 989
744 969 491 969 491 854 429 854
449 883 492 883 492 948 785 948
497 725 497 991 164 991 164 989
684 774 59 774 59 968
850 682 850 883 818 883 818 934
730 880 730 522 979 522 979 523
490 939 490 935 168 935 168 953
710 516 710 752 919 752 919 943
461 836 264 836 264 910 261 910
183 534 752 534 752 680 835 680
748 999 748 1002 134 1002 134 920
750 705 354 705 354 576 353 576
875 659 875 578 487 578 487 582
4 954 4 1005 593 1005 593 1006
870 761 598 761 598 556 423 556
765 830 765 833 987 833 987 715
643 737 85 737 85 826 89 826
247 924 247 999 483 999 483 995
900 617 900 620 380 620 380 626
810 733 810 736 178 736 178 661
880 665 880 783 219 783 219 884
84 812 84 954 354 954
549 778 549 779 486 779 486 803
72 962 72 715 494 715
675 583 520 583 520 922 518 922
484 1001 484 992 894 992 894 872
594 762 986 762 986 892
983 652 983 785 17 785 17 839
806 749 806 861 700 861 700 890
25 542 25 540 820 540 820 575
808 794 808 881 866 881
732 848 669 848 669 895 572 895
919 578 919 748 282 748 282 891
43 664 43 637 739 637
402 701 402 709 1017 709 1017 873
842 523 842 527 176 527 176 624
248 876 248 792 490 792 490 785
179 568 179 551 178 551 178 548
277 514 277 517 97 517 97 660
410 675 410 729 430 729 430 789
207 582 203 582 203 844 505 844
472 694 472 791 326 791 326 833
0 849 0 624 498 624
73 862 73 854 90 854 90 858
233 888 171 888 171 925
433 861 433 782 449 782 449 710
352 546 346 546 346 762
198 777 198 780 15 780 15 917
335 520 335 523 225 523 225 808
191 551 191 632 105 632 105 703
376 603 376 767 304 767 304 961
442 906 442 793 284 793 284 675
259 967 259 692 64 692
292 514 292 517 378 517 378 644
36 724 91 724 91 746 382 746
477 910 477 908 127 908 127 813
406 865 81 865 81 597 85 597
257 538 257 535 69 535 69 706
212 719 212 631 478 631
210 677 210 647 440 647 440 646
202 698 202 594 256 594 256 590
478 725 478 726 205 726 205 713
434 603 361 603 361 735 328 735
497 681 497 643 308 643 308 583
50 755 50 570 348 570 348 563
269 673 501 673 501 737
368 724 368 575 344 575 344 579
377 528 457 528 457 579
169 543 169 541 95 541 95 626
81 570 81 569 186 569 186 561
171 612 171 608 101 608 101 626
406 600 78 600 78 585
357 623 357 605 190 605 190 582
352 530 267 530 267 547 159 547
12 559 12 566 364 566 364 591
122 566 122 544 481 544 481 547
213 576 213 549 149 549 149 551
250 591 250 546 88 546 88 550
329 534 329 533 487 533 487 530
379 598 444 598 444 578 465 578
310 611 309 611 309 601 353 601
367 528 326 528 326 575
394 636 407 636 407 557 416 557
338 609 338 612 322 612 322 633
475 530 475 509 465 509 465 513
325 526 282 526 282 527
420 513 420 543 417 543 417 544
471 626 471 579 482 579 482 526
325 595 309 595 309 580 301 580
478 618 478 583 421 583 421 587
508 582 508 612 462 612 462 629
353 608 353 611 326 611
421 596 505 596 505 628 509 628
377 638 381 638 381 601 470 601
469 584 469 611 379 611
286 638 305 638 305 612 459 612
273 632 273 630 360 630 360 623
418 589 397 589 397 606 379 606
403 585 403 581 275 581 275 629
462 622 468 622 468 579 469 579
423 595 423 574 473 574 473 576
424 609 424 604 443 604 443 588
448 633 448 613 471 613 471 612
394 591 394 634 396 634
498 602 498 588 501 588 501 592
429 638 429 610 420 610
487 637 487 635 506 635 506 629
427 591 427 587 440 587 440 594
418 593 419 593 419 587 402 587
499 582 494 582 494 599
465 637 465 633 483 633 483 587
495 637 495 577 448 577 448 576
491 638 484 638 484 589
485 609 462 609 462 602 456 602
461 599 467 599 467 607
506 612 498 612 498 581
471 639 472 639 472 586 476 586
454 586 454 584 481 584 481 599
455 581 455 580 482 580 482 631
450 610 473 610 473 621 503 621
453 636 451 636 451 639
457 634 498 634 498 617
468 631 468 627 475 627 475 633
494 634 499 634 499 633 501 633
480 639 480 636 474 636 474 631
455 639 455 640 473 640 473 638
482 635 482 639 501 639 501 623
475 624 475 608 458 608
460 621 456 621 456 630 448 630
488 626 488 627 511 627 511 636
457 634 457 632 470 632
469 635 469 636 459 636
466 635 486 635 486 624
461 625 461 626 453 626 453 636
509 629 509 636 487 636 487 637
481 628 479 628 479 631 477 631
476 624 476 622 502 622 502 633
473 624 473 625 495 625
453 634 450 634 450 629
462 630 471 630 471 633
460 631 456 631 456 638 454 638
492 626 492 625 491 625
478 630 477 630 477 634 474 634
470 625 467 625 467 639
449 626 454 626 454 637
451 624 451 621 450 621 450 625
455 634 455 628 458 628 458 627
449 624 449 623 462 623 462 627
460 639 460 641 476 641 476 629
466 634 466 638 475 638 475 637
469 625 469 626 478 626 478 632
448 639 447 639 447 625 459 625
454 632 454 630 453 630
