64 64
0
428
11 15 11 4 8 4
11 15 5 15 5 10
7 1 7 5 9 5 9 10
0 5 0 6 10 6 10 7
2 14 2 1 11 1
15 11 6 11 6 8 5 8
15 4 15 0 14 0
0 1 0 2 12 2 12 11
0 5 15 5 15 11
4 5 4 11 5 11
6 14 6 7 5 7 5 6
4 15 4 12 14 12 14 6
13 9 7 9 7 12
4 13 4 3 5 3
1 3 1 1 4 1
4 0 12 0 12 4
5 12 5 10 15 10 15 9
1 5 1 7 4 7
3 9 3 8 14 8 14 7
8 12 8 7 13 7 13 6
5 5 2 5 2 10
2 7 2 3 13 3
10 1 5 1 5 14
2 1 3 1 3 13 7 13
2 1 14 1 14 7
5 6 5 7 10 7 10 15
2 23 0 23 0 31
13 21 13 16 4 16
15 22 7 22 7 29
10 18 10 23 14 23 14 31
0 16 3 16 3 24
14 21 9 21 9 28
12 30 2 30 2 22
13 22 13 21 8 21
6 24 6 28 2 28
12 18 11 18 11 19
10 24 13 24 13 28
7 28 8 28 8 23 12 23
12 31 15 31 15 26
4 24 4 17 7 17 7 16
7 25 5 25 5 16 4 16
15 25 6 25 6 23
12 18 12 29 4 29 4 30
14 23 14 22 8 22
4 20 6 20 6 16 13 16
1 21 1 17 12 17 12 16
4 23 4 26 5 26 5 29
14 21 14 23 4 23
12 24 10 24 10 28 7 28
2 30 3 30 3 16
7 28 13 28 13 30 14 30
5 34 9 34 9 42
7 47 7 44 11 44
6 32 9 32 9 36
5 45 5 43 11 43 11 34
5 35 5 39 14 39
1 33 1 40 5 40 5 41
2 32 2 35 7 35 7 39
5 42 0 42 0 39
12 43 12 40 15 40 15 38
11 33 6 33 6 36
5 43 3 43 3 33 1 33
13 38 4 38 4 43
14 37 14 35 13 35
6 38 6 45 5 45
12 43 12 45 7 45
3 36 3 34 8 34
15 46 15 33 13 33
4 33 4 46 6 46 6 47
2 39 2 40 13 40
11 40 10 40 10 32 6 32
5 42 7 42 7 43
15 45 13 45 13 44 9 44
9 32 12 32 12 36
1 46 1 47 4 47
11 37 8 37 8 44 3 44
11 34 14 34 14 35
15 38 14 38 14 40
13 47 13 46 7 46 7 38
9 38 9 36 3 36 3 34
12 50 11 50 11 56
7 60 7 59 6 59
11 49 0 49 0 62
13 59 13 61 1 61 1 62
0 50 1 50 1 56 13 56
15 60 15 54 6 54
2 63 2 53 12 53
1 63 1 52 2 52 2 51
10 58 10 50 7 50 7 49
5 50 5 52 2 52 2 53
1 48 2 48 2 59
15 50 14 50 14 60 13 60
11 60 11 59 8 59 8 49
2 58 0 58 0 63
0 49 0 50 14 50
4 56 4 62 12 62 12 63
15 61 15 57 4 57 4 50
0 58 3 58 3 48
11 53 10 53 10 55
9 55 5 55 5 53 2 53
15 51 15 58 8 58
3 55 3 52 10 52
5 60 9 60 9 61
8 56 8 55 13 55 13 54
12 63 6 63 6 54
2 54 1 54 1 55
1 60 1 59 14 59 14 58
3 49 0 49 0 50
24 12 24 6 31 6
28 4 18 4 18 5
17 11 17 13 29 13 29 14
17 10 17 7 29 7
16 15 16 2 29 2
22 14 22 5 30 5
25 1 23 1 23 9 22 9
19 10 19 6 17 6 17 0
18 0 20 0 20 15 22 15
20 9 21 9 21 4
18 4 18 11 21 11 21 12
17 12 28 12 28 1
25 14 25 7 23 7
28 12 16 12 16 13
18 9 17 9 17 13
26 1 31 1 31 10
23 14 30 14 30 0
19 4 19 5 20 5
24 9 24 5 17 5
29 10 29 12 30 12
18 6 18 14 24 14
22 6 22 1 17 1 17 0
23 14 23 10 26 10 26 8
29 5 29 9 31 9 31 12
19 0 29 0 29 7 31 7
20 31 20 21 30 21
25 19 25 18 18 18
30 21 24 21 24 23
20 30 29 30 29 21
30 20 19 20 19 25
28 16 30 16 30 27
28 17 27 17 27 27
25 16 31 16 31 24
30 20 30 19 17 19 17 17
23 21 23 26 19 26
27 28 28 28 28 26 30 26
25 19 25 29 24 29
22 17 25 17 25 23
31 21 31 17 19 17
16 31 16 16 26 16
30 18 19 18 19 20
16 26 17 26 17 19 25 19
31 19 31 18 28 18
25 21 25 17 21 17
19 28 19 19 28 19
18 17 22 17 22 19
18 21 18 18 29 18
20 16 18 16 18 23 17 23
20 17 18 17 18 29 17 29
20 16 16 16 16 19
28 18 28 24 18 24
21 36 21 33 17 33
23 35 19 35 19 45
23 37 23 36 19 36
23 39 20 39 20 40
30 40 25 40 25 47
21 46 21 38 31 38
17 44 17 46 24 46
30 32 28 32 28 35
20 45 24 45 24 32 27 32
23 41 28 41 28 44
28 36 25 36 25 32 19 32
28 33 27 33 27 38 25 38
16 46 16 47 20 47
20 37 27 37 27 45
19 41 20 41 20 47 29 47
28 34 17 34 17 45
29 40 29 39 22 39 22 36
21 34 16 34 16 41
21 33 22 33 22 42
27 38 26 38 26 47 24 47
22 45 22 33 21 33
26 40 26 39 27 39
24 39 24 36 25 36
24 39 18 39 18 33 17 33
29 38 29 33 22 33 22 32
31 53 31 52 23 52
28 49 16 49 16 50
26 63 26 55 24 55
20 58 17 58 17 61
21 56 21 50 28 50
25 53 27 53 27 54
22 49 22 51 28 51 28 54
23 59 28 59 28 63
31 56 31 57 16 57 16 63
26 58 31 58 31 51
17 51 17 50 29 50
16 50 16 53 27 53
30 61 30 51 31 51
22 58 22 60 25 60
27 53 27 52 19 52 19 50
16 63 17 63 17 48
23 50 31 50 31 49
28 62 20 62 20 50
17 48 18 48 18 51
27 56 18 56 18 55
21 62 18 62 18 63 17 63
27 60 27 61 20 61 20 62
30 53 29 53 29 48
21 52 18 52 18 53
30 51 29 51 29 60 26 60
21 59 21 55 29 55
31 56 31 54 17 54 17 49
22 54 31 54 31 55
21 58 21 56 19 56
47 5 47 4 34 4
41 4 41 5 40 5 40 15
34 11 41 11 41 15
32 4 32 6 44 6 44 8
35 4 35 5 39 5
46 11 37 11 37 5
32 15 32 10 41 10
40 11 41 11 41 13
45 13 45 1 39 1
38 6 38 1 35 1
47 2 34 2 34 3
46 10 46 3 39 3
33 11 33 15 40 15
38 13 38 7 37 7
45 14 34 14 34 5 33 5
41 11 41 7 34 7 34 6
40 9 39 9 39 14
47 10 47 13 32 13 32 14
45 2 45 8 34 8 34 11
44 9 46 9 46 13
36 7 36 10 45 10 45 11
36 2 36 1 34 1
32 3 33 3 33 9 38 9
46 9 46 7 47 7
34 6 34 3 37 3 37 2
32 5 45 5 45 7
41 19 43 19 43 23
33 16 46 16 46 30
43 19 32 19 32 29
36 16 33 16 33 27 32 27
41 31 41 24 36 24
38 22 42 22 42 27 46 27
40 30 40 25 33 25
44 24 44 21 43 21
44 23 45 23 45 27
43 18 44 18 44 27 46 27
47 18 43 18 43 31
45 20 45 17 46 17
44 20 40 20 40 26
32 16 32 17 40 17
41 20 37 20 37 25
37 28 37 26 38 26 38 18
35 17 35 18 45 18 45 21
47 24 47 17 36 17
35 19 35 21 47 21 47 23
34 16 34 22 35 22
40 29 38 29 38 25
38 23 34 23 34 26
33 23 33 22 36 22
35 26 35 23 41 23 41 22
43 22 42 22 42 31
43 34 35 34 35 42
42 37 43 37 43 45
43 35 34 35 34 44
33 41 33 43 47 43
42 38 44 38 44 33 47 33
42 41 42 39 32 39 32 36
32 44 32 46 46 46 46 47
43 42 43 44 34 44 34 46
36 44 36 45 35 45 35 47
41 47 41 36 35 36
33 47 37 47 37 42
46 33 45 33 45 37 37 37
32 38 38 38 38 42 47 42
32 47 32 32 46 32
43 45 33 45 33 39 32 39
39 34 39 40 37 40 37 43
46 41 46 39 43 39
40 46 40 45 44 45 44 41
45 33 43 33 43 44 35 44
34 40 34 37 33 37 33 35
46 32 46 38 45 38 45 46
47 43 47 40 43 40
47 34 47 38 33 38 33 39
43 47 36 47 36 38 32 38
38 40 38 37 36 37 36 34
33 33 36 33 36 37
38 61 38 57 46 57
44 62 44 58 38 58
46 50 41 50 41 57
42 56 43 56 43 58
41 50 37 50 37 56
35 59 35 63 47 63
33 61 33 53 32 53
34 62 44 62 44 63
44 53 43 53 43 59
44 54 44 59 41 59 41 62
47 50 47 51 40 51 40 56
45 50 45 61 33 61 33 63
39 58 34 58 34 50
41 62 41 59 33 59 33 58
43 50 43 52 32 52 32 61
32 60 36 60 36 49 44 49
40 55 40 60 45 60 45 62
32 59 35 59 35 50 45 50
36 53 47 53 47 54
39 63 39 62 46 62 46 49
33 48 42 48 42 63
34 52 38 52 38 55 42 55
36 48 36 49 32 49 32 50
44 56 47 56 47 58
40 59 39 59 39 63
45 58 45 56 37 56 37 52
41 51 37 51 37 59
36 63 36 54 42 54
35 53 42 53 42 56
62 8 48 8 48 14
58 12 58 10 54 10
54 15 54 14 53 14
58 4 59 4 59 9
63 14 63 4 61 4
57 1 57 3 51 3
55 6 55 1 56 1
62 5 62 7 63 7
53 13 53 4 49 4 49 2
52 11 52 7 56 7 56 3
48 6 48 4 61 4
49 1 49 0 62 0
63 11 54 11 54 8 52 8
60 7 60 13 51 13 51 14
52 4 52 5 60 5 60 9
51 3 51 2 63 2 63 0
53 1 52 1 52 0
57 7 57 6 49 6 49 0
52 5 49 5 49 6
51 2 51 12 53 12 53 14
54 14 54 10 58 10
61 12 61 1 62 1
56 8 56 12 52 12
55 5 55 7 49 7 49 8
57 1 49 1 49 2
49 5 49 3 56 3
59 11 58 11 58 1 53 1
58 11 62 11 62 4 63 4
57 18 53 18 53 23
51 30 51 24 63 24
58 22 58 27 61 27
62 22 62 16 60 16
55 31 49 31 49 29
55 20 55 19 56 19 56 18
57 25 57 21 60 21
56 17 58 17 58 19 62 19
52 25 54 25 54 18
56 30 60 30 60 31
59 23 59 22 61 22 61 18
51 29 52 29 52 18 57 18
63 22 63 20 57 20 57 19
63 28 63 25 61 25 61 24
56 18 49 18 49 25
48 18 48 20 60 20
59 19 56 19 56 20 54 20
49 18 50 18 50 29 51 29
57 16 58 16 58 29 63 29
62 24 62 28 63 28 63 29
63 25 48 25 48 30
53 29 54 29 54 31
55 23 48 23 48 26
51 20 51 22 53 22
59 25 59 26 56 26 56 29
60 21 55 21 55 29
52 20 53 20 53 28 59 28
51 24 51 27 59 27 59 28
57 33 57 32 54 32
63 37 55 37 55 38
53 33 53 39 57 39 57 42
55 32 54 32 54 40 53 40
50 45 50 43 61 43 61 41
58 33 61 33 61 37
61 33 58 33 58 45 57 45
53 34 63 34 63 43
50 46 49 46 49 42
52 38 52 44 59 44 59 45
48 34 48 36 61 36 61 37
51 37 51 32 56 32
50 33 50 35 58 35
63 47 49 47 49 32
60 42 60 33 61 33
60 44 61 44 61 47
58 46 57 46 57 36
52 44 52 42 53 42 53 39
57 42 58 42 58 47
50 42 50 36 49 36
52 37 52 35 51 35
54 35 62 35 62 32 63 32
48 32 48 45 60 45
61 43 61 38 55 38 55 36
54 32 54 33 57 33 57 34
53 32 53 47 59 47
58 42 51 42 51 36 50 36
54 56 49 56 49 57
59 55 60 55 60 58
55 60 55 51 58 51
57 56 57 52 63 52 63 49
51 51 51 60 55 60
57 56 58 56 58 52 60 52
56 54 56 57 63 57 63 58
58 59 58 58 48 58 48 50
60 57 60 56 61 56 61 51
53 55 53 49 58 49
50 61 59 61 59 58
60 60 60 48 61 48
51 49 52 49 52 60 60 60
57 57 50 57 50 49 48 49
63 63 61 63 61 58 59 58
58 59 59 59 59 54 60 54
52 58 52 57 57 57
49 51 49 50 59 50 59 49
54 61 54 51 61 51 61 50
59 61 53 61 53 60
58 49 53 49 53 51
49 55 49 49 50 49
50 60 50 62 59 62
57 50 50 50 50 51
59 60 59 63 52 63
55 56 55 59 48 59 48 61
